Desc,Exp,Y_Val,Y_Pred
day_2048,0,1,0.3479842245578766
day_2048,0,1,0.6983037524753146
day_2048,0,1,0.7485358185238309
day_2048,0,1,0.6983037524753146
day_2048,0,1,0.3479842245578766
day_2048,0,1,0.6983037524753146
day_2048,0,1,0.1441686906748348
day_2048,0,1,0.4804300632741716
day_2048,0,1,0.7361962993939718
day_2048,0,1,0.3479842245578766
day_2048,0,1,0.1441686906748348
day_2048,0,1,0.4804300632741716
day_2048,0,1,0.7485358185238309
day_2048,0,1,0.1441686906748348
day_2048,0,1,0.1441686906748348
day_2048,0,1,0.6983037524753146
day_2048,0,1,0.6877006027433608
day_2048,0,1,0.7361962993939718
day_2048,0,1,0.7361962993939718
day_2048,0,1,0.3479842245578766
day_2048,0,1,0.7485358185238309
day_2048,0,1,0.1441686906748348
day_2048,0,1,0.4804300632741716
day_2048,0,1,0.6983037524753146
day_2048,0,1,0.7361962993939718
day_2048,0,1,0.7485358185238309
day_2048,0,1,0.7361962993939718
day_2048,0,1,0.4804300632741716
day_2048,0,1,0.6877006027433608
day_2048,0,1,0.7485358185238309
day_2048,0,1,0.1441686906748348
day_2048,0,1,0.6983037524753146
day_2048,0,1,0.3479842245578766
day_2048,0,1,0.6983037524753146
day_2048,0,1,0.6877006027433608
day_2048,0,1,0.4804300632741716
day_2048,0,1,0.7361962993939718
day_2048,0,1,0.9473496543036567
day_2048,0,1,0.9366471899880303
day_2048,0,1,0.9366471899880303
day_2048,0,1,0.9473496543036567
day_2048,0,1,0.9366471899880303
day_2048,0,1,0.9473496543036567
day_2048,0,1,0.9366471899880303
day_2048,0,1,0.9473496543036567
day_2048,0,1,0.9473496543036567
day_2048,0,1,0.9473496543036567
day_2048,0,1,0.9366471899880303
day_2048,0,1,0.9473496543036567
day_2048,0,1,0.9473496543036567
day_2048,0,1,0.9473496543036567
day_2048,0,1,0.9366471899880303
day_2048,0,1,0.9473496543036567
day_2048,0,1,0.9366471899880303
day_2048,0,1,0.9473496543036567
day_2048,0,1,0.9366471899880303
day_2048,0,1,0.9366471899880303
day_2048,0,1,0.9473496543036567
day_2048,0,1,0.9473496543036567
day_2048,0,1,0.9473496543036567
day_2048,0,1,0.9473496543036567
day_2048,0,1,0.9473496543036567
day_2048,0,1,0.9473496543036567
day_2048,0,1,0.9366471899880303
day_2048,0,1,0.9473496543036567
day_2048,0,1,0.9473496543036567
day_2048,0,1,0.9473496543036567
day_2048,0,1,0.9473496543036567
day_2048,0,1,0.9366471899880303
day_2048,0,1,0.9473496543036567
day_2048,0,1,0.9366471899880303
day_2048,0,1,0.9473496543036567
day_2048,0,1,0.9366471899880303
day_2048,0,1,0.9473496543036567
day_2048,0,1,0.6278724802864922
day_2048,0,1,0.6278724802864922
day_2048,0,1,0.6278724802864922
day_2048,0,1,0.6838099890285068
day_2048,0,1,0.6278724802864922
day_2048,0,1,0.6838099890285068
day_2048,0,1,0.5996586779753367
day_2048,0,1,0.6838099890285068
day_2048,0,1,0.6838099890285068
day_2048,0,1,0.7229862544271681
day_2048,0,1,0.6838099890285068
day_2048,0,1,0.7229862544271681
day_2048,0,1,0.6278724802864922
day_2048,0,1,0.6278724802864922
day_2048,0,1,0.6278724802864922
day_2048,0,1,0.6838099890285068
day_2048,0,1,0.5996586779753367
day_2048,0,1,0.7229862544271681
day_2048,0,1,0.6838099890285068
day_2048,0,1,0.6838099890285068
day_2048,0,1,0.7229862544271681
day_2048,0,1,0.7229862544271681
day_2048,0,1,0.5996586779753367
day_2048,0,1,0.7229862544271681
day_2048,0,1,0.6838099890285068
day_2048,0,1,0.6838099890285068
day_2048,0,1,0.5996586779753367
day_2048,0,1,0.6278724802864922
day_2048,0,1,0.6838099890285068
day_2048,0,1,0.5996586779753367
day_2048,0,1,0.7229862544271681
day_2048,0,1,0.6278724802864922
day_2048,0,1,0.6278724802864922
day_2048,0,1,0.6278724802864922
day_2048,0,1,0.6278724802864922
day_2048,0,1,0.5996586779753367
day_2048,0,1,0.6278724802864922
day_2048,0,1,0.8786973224745857
day_2048,0,1,0.7576184140311347
day_2048,0,1,0.8786973224745857
day_2048,0,1,0.8786973224745857
day_2048,0,1,0.7576184140311347
day_2048,0,1,0.8786973224745857
day_2048,0,1,0.8786973224745857
day_2048,0,1,0.8199019233385721
day_2048,0,1,0.8199019233385721
day_2048,0,1,0.8786973224745857
day_2048,0,1,0.8786973224745857
day_2048,0,1,0.8199019233385721
day_2048,0,1,0.8786973224745857
day_2048,0,1,0.7576184140311347
day_2048,0,1,0.8786973224745857
day_2048,0,1,0.8199019233385721
day_2048,0,1,0.8199019233385721
day_2048,0,1,0.8786973224745857
day_2048,0,1,0.7576184140311347
day_2048,0,1,0.8199019233385721
day_2048,0,1,0.7576184140311347
day_2048,0,1,0.7576184140311347
day_2048,0,1,0.8786973224745857
day_2048,0,1,0.8199019233385721
day_2048,0,1,0.8199019233385721
day_2048,0,1,0.7576184140311347
day_2048,0,1,0.7576184140311347
day_2048,0,1,0.8199019233385721
day_2048,0,1,0.8199019233385721
day_2048,0,1,0.8199019233385721
day_2048,0,1,0.7576184140311347
day_2048,0,1,0.8199019233385721
day_2048,0,1,0.7576184140311347
day_2048,0,1,0.7576184140311347
day_2048,0,1,0.8786973224745857
day_2048,0,1,0.8786973224745857
day_2048,0,1,0.7576184140311347
day_2048,0,1,0.8733409113354154
day_2048,0,1,0.4350730876127879
day_2048,0,1,0.6239117350843217
day_2048,0,1,0.8733409113354154
day_2048,0,1,0.5142228702704111
day_2048,0,1,0.4350730876127879
day_2048,0,1,0.5142228702704111
day_2048,0,1,0.5142228702704111
day_2048,0,1,0.5638449324501885
day_2048,0,1,0.5142228702704111
day_2048,0,1,0.4350730876127879
day_2048,0,1,0.840238352616628
day_2048,0,1,0.6239117350843217
day_2048,0,1,0.840238352616628
day_2048,0,1,0.6239117350843217
day_2048,0,1,0.8284257584147983
day_2048,0,1,0.8733409113354154
day_2048,0,1,0.4350730876127879
day_2048,0,1,0.5638449324501885
day_2048,0,1,0.5142228702704111
day_2048,0,1,0.840238352616628
day_2048,0,1,0.5142228702704111
day_2048,0,1,0.8733409113354154
day_2048,0,1,0.5638449324501885
day_2048,0,1,0.8733409113354154
day_2048,0,1,0.5638449324501885
day_2048,0,1,0.8733409113354154
day_2048,0,1,0.5638449324501885
day_2048,0,1,0.4350730876127879
day_2048,0,1,0.5638449324501885
day_2048,0,1,0.5638449324501885
day_2048,0,1,0.4350730876127879
day_2048,0,1,0.5638449324501885
day_2048,0,1,0.4350730876127879
day_2048,0,1,0.5638449324501885
day_2048,0,1,0.4350730876127879
day_2048,0,1,0.5638449324501885
day_2048,0,1,0.9446451995107863
day_2048,0,1,0.9446451995107863
day_2048,0,1,0.9446451995107863
day_2048,0,1,0.9446451995107863
day_2048,0,1,0.9446451995107863
day_2048,0,1,0.9446451995107863
day_2048,0,1,0.9446451995107863
day_2048,0,1,0.9446451995107863
day_2048,0,1,0.9446451995107863
day_2048,0,1,0.9446451995107863
day_2048,0,1,0.9446451995107863
day_2048,0,1,0.9446451995107863
day_2048,0,1,0.9446451995107863
day_2048,0,1,0.9446451995107863
day_2048,0,1,0.9446451995107863
day_2048,0,1,0.9446451995107863
day_2048,0,1,0.9446451995107863
day_2048,0,1,0.9446451995107863
day_2048,0,1,0.9446451995107863
day_2048,0,1,0.9446451995107863
day_2048,0,1,0.9446451995107863
day_2048,0,1,0.9446451995107863
day_2048,0,1,0.9446451995107863
day_2048,0,1,0.9446451995107863
day_2048,0,1,0.9446451995107863
day_2048,0,1,0.9446451995107863
day_2048,0,1,0.9446451995107863
day_2048,0,1,0.9446451995107863
day_2048,0,1,0.9446451995107863
day_2048,0,1,0.9446451995107863
day_2048,0,1,0.9446451995107863
day_2048,0,1,0.9446451995107863
day_2048,0,1,0.9446451995107863
day_2048,0,1,0.9446451995107863
day_2048,0,1,0.9446451995107863
day_2048,0,1,0.9446451995107863
day_2048,0,1,0.9446451995107863
day_2048,0,1,0.7998888293902079
day_2048,0,1,0.9340206848250495
day_2048,0,1,0.6546170049243503
day_2048,0,1,0.6546170049243503
day_2048,0,1,0.7998888293902079
day_2048,0,1,0.7998888293902079
day_2048,0,1,0.9340206848250495
day_2048,0,1,0.9340206848250495
day_2048,0,1,0.9340206848250495
day_2048,0,1,0.6142248842451308
day_2048,0,1,0.6142248842451308
day_2048,0,1,0.9340206848250495
day_2048,0,1,0.9340206848250495
day_2048,0,1,0.7998888293902079
day_2048,0,1,0.9340206848250495
day_2048,0,1,0.6546170049243503
day_2048,0,1,0.7998888293902079
day_2048,0,1,0.6142248842451308
day_2048,0,1,0.6546170049243503
day_2048,0,1,0.9340206848250495
day_2048,0,1,0.6142248842451308
day_2048,0,1,0.9340206848250495
day_2048,0,1,0.6142248842451308
day_2048,0,1,0.6142248842451308
day_2048,0,1,0.6142248842451308
day_2048,0,1,0.6546170049243503
day_2048,0,1,0.6142248842451308
day_2048,0,1,0.6142248842451308
day_2048,0,1,0.6142248842451308
day_2048,0,1,0.6546170049243503
day_2048,0,1,0.9340206848250495
day_2048,0,1,0.6142248842451308
day_2048,0,1,0.9340206848250495
day_2048,0,1,0.6546170049243503
day_2048,0,1,0.9340206848250495
day_2048,0,1,0.9340206848250495
day_2048,0,1,0.6142248842451308
day_2048,0,1,0.5694991052150726
day_2048,0,1,0.9775125119421217
day_2048,0,1,0.5051556130250295
day_2048,0,1,0.9775125119421217
day_2048,0,1,0.9775125119421217
day_2048,0,1,0.5596018963389926
day_2048,0,1,0.5596018963389926
day_2048,0,1,0.5694991052150726
day_2048,0,1,0.9775125119421217
day_2048,0,1,0.5051556130250295
day_2048,0,1,0.5596018963389926
day_2048,0,1,0.5051556130250295
day_2048,0,1,0.8704828288820055
day_2048,0,1,0.5694991052150726
day_2048,0,1,0.9775125119421217
day_2048,0,1,0.8704828288820055
day_2048,0,1,0.8704828288820055
day_2048,0,1,0.5596018963389926
day_2048,0,1,0.9775125119421217
day_2048,0,1,0.5596018963389926
day_2048,0,1,0.8704828288820055
day_2048,0,1,0.5694991052150726
day_2048,0,1,0.9775125119421217
day_2048,0,1,0.5694991052150726
day_2048,0,1,0.9775125119421217
day_2048,0,1,0.5596018963389926
day_2048,0,1,0.8704828288820055
day_2048,0,1,0.5051556130250295
day_2048,0,1,0.8704828288820055
day_2048,0,1,0.5694991052150726
day_2048,0,1,0.5596018963389926
day_2048,0,1,0.5694991052150726
day_2048,0,1,0.9775125119421217
day_2048,0,1,0.5596018963389926
day_2048,0,1,0.9775125119421217
day_2048,0,1,0.9775125119421217
day_2048,0,1,0.9775125119421217
day_2048,0,1,0.9680381682184007
day_2048,0,1,0.9680381682184007
day_2048,0,1,0.9676228298081292
day_2048,0,1,0.9601321419080099
day_2048,0,1,0.44366782572534347
day_2048,0,1,0.44366782572534347
day_2048,0,1,0.9601321419080099
day_2048,0,1,0.9680381682184007
day_2048,0,1,0.6195342474513583
day_2048,0,1,0.9680381682184007
day_2048,0,1,0.3118196659617954
day_2048,0,1,0.18009870085451338
day_2048,0,1,0.9601321419080099
day_2048,0,1,0.9680381682184007
day_2048,0,1,0.18009870085451338
day_2048,0,1,0.3118196659617954
day_2048,0,1,0.9680381682184007
day_2048,0,1,0.18009870085451338
day_2048,0,1,0.9676228298081292
day_2048,0,1,0.3118196659617954
day_2048,0,1,0.3118196659617954
day_2048,0,1,0.44366782572534347
day_2048,0,1,0.9680381682184007
day_2048,0,1,0.44366782572534347
day_2048,0,1,0.6195342474513583
day_2048,0,1,0.9601321419080099
day_2048,0,1,0.9680381682184007
day_2048,0,1,0.9680381682184007
day_2048,0,1,0.9601321419080099
day_2048,0,1,0.18009870085451338
day_2048,0,1,0.9680381682184007
day_2048,0,1,0.9676228298081292
day_2048,0,1,0.18009870085451338
day_2048,0,1,0.9680381682184007
day_2048,0,1,0.6195342474513583
day_2048,0,1,0.3118196659617954
day_2048,0,1,0.9676228298081292
day_2048,0,1,0.5300053391191695
day_2048,0,1,0.5470209055476718
day_2048,0,1,0.519604914718204
day_2048,0,1,0.30379564729001785
day_2048,0,1,0.2772994538148244
day_2048,0,1,0.34946885373857284
day_2048,0,1,0.5189077423678504
day_2048,0,1,0.519604914718204
day_2048,0,1,0.5300053391191695
day_2048,0,1,0.5300053391191695
day_2048,0,1,0.20708615829547247
day_2048,0,1,0.519604914718204
day_2048,0,1,0.8016432126363119
day_2048,0,1,0.3729355533917745
day_2048,0,1,0.5672013163566589
day_2048,0,1,0.32789530687861973
day_2048,0,1,0.8016432126363119
day_2048,0,1,0.20708615829547247
day_2048,0,1,0.23962440921200645
day_2048,0,1,0.44657086001502144
day_2048,0,1,0.4085749652650621
day_2048,0,1,0.20708615829547247
day_2048,0,1,0.3729355533917745
day_2048,0,1,0.3729355533917745
day_2048,0,1,0.23962440921200645
day_2048,0,1,0.30379564729001785
day_2048,0,1,0.3729355533917745
day_2048,0,1,0.2772994538148244
day_2048,0,1,0.4085749652650621
day_2048,0,1,0.5470209055476718
day_2048,0,1,0.3416374723116557
day_2048,0,1,0.3729355533917745
day_2048,0,1,0.2651121947500441
day_2048,0,1,0.42944493558671737
day_2048,0,1,0.27936601804362404
day_2048,0,1,0.5189077423678504
day_2048,0,1,0.23962440921200645
day_2048,0,1,0.43048904008335537
day_2048,0,1,0.9133694039450752
day_2048,0,1,0.6771803432040744
day_2048,0,1,0.6371194057994418
day_2048,0,1,0.448581251833174
day_2048,0,1,0.6371194057994418
day_2048,0,1,0.8029289046923319
day_2048,0,1,0.9133694039450752
day_2048,0,1,0.8029289046923319
day_2048,0,1,0.9208939009242587
day_2048,0,1,0.6771803432040744
day_2048,0,1,0.9133694039450752
day_2048,0,1,0.9133694039450752
day_2048,0,1,0.6771803432040744
day_2048,0,1,0.9129430519209968
day_2048,0,1,0.6771803432040744
day_2048,0,1,0.3994542393419478
day_2048,0,1,0.9208939009242587
day_2048,0,1,0.3994542393419478
day_2048,0,1,0.6771803432040744
day_2048,0,1,0.9133694039450752
day_2048,0,1,0.4586728678809272
day_2048,0,1,0.6371194057994418
day_2048,0,1,0.4586728678809272
day_2048,0,1,0.9129430519209968
day_2048,0,1,0.448581251833174
day_2048,0,1,0.448581251833174
day_2048,0,1,0.448581251833174
day_2048,0,1,0.4586728678809272
day_2048,0,1,0.43048904008335537
day_2048,0,1,0.9133694039450752
day_2048,0,1,0.43048904008335537
day_2048,0,1,0.43048904008335537
day_2048,0,1,0.9133694039450752
day_2048,0,1,0.43048904008335537
day_2048,0,1,0.9208939009242587
day_2048,0,1,0.9133694039450752
day_2048,0,1,0.9457597533861796
day_2048,0,1,0.9457597533861796
day_2048,0,1,0.9457597533861796
day_2048,0,1,0.9457597533861796
day_2048,0,1,0.9457597533861796
day_2048,0,1,0.9457597533861796
day_2048,0,1,0.9457597533861796
day_2048,0,1,0.9457597533861796
day_2048,0,1,0.9457597533861796
day_2048,0,1,0.9457597533861796
day_2048,0,1,0.9457597533861796
day_2048,0,1,0.9457597533861796
day_2048,0,1,0.9457597533861796
day_2048,0,1,0.9457597533861796
day_2048,0,1,0.9457597533861796
day_2048,0,1,0.9457597533861796
day_2048,0,1,0.9457597533861796
day_2048,0,1,0.9457597533861796
day_2048,0,1,0.9457597533861796
day_2048,0,1,0.9457597533861796
day_2048,0,1,0.9457597533861796
day_2048,0,1,0.9457597533861796
day_2048,0,1,0.9457597533861796
day_2048,0,1,0.9457597533861796
day_2048,0,1,0.9457597533861796
day_2048,0,1,0.9457597533861796
day_2048,0,1,0.9457597533861796
day_2048,0,1,0.9457597533861796
day_2048,0,1,0.9457597533861796
day_2048,0,1,0.9457597533861796
day_2048,0,1,0.9457597533861796
day_2048,0,1,0.9457597533861796
day_2048,0,1,0.9457597533861796
day_2048,0,1,0.9457597533861796
day_2048,0,1,0.9457597533861796
day_2048,0,1,0.9457597533861796
day_2048,0,1,0.9457597533861796
day_2048,0,1,0.8864773180749681
day_2048,0,1,0.40693138043085736
day_2048,0,1,0.8864773180749681
day_2048,0,1,0.8864773180749681
day_2048,0,1,0.8864773180749681
day_2048,0,1,0.8864773180749681
day_2048,0,1,0.8864773180749681
day_2048,0,1,0.8864773180749681
day_2048,0,1,0.40693138043085736
day_2048,0,1,0.8864773180749681
day_2048,0,1,0.7759992745187547
day_2048,0,1,0.40693138043085736
day_2048,0,1,0.8864773180749681
day_2048,0,1,0.7759992745187547
day_2048,0,1,0.8864773180749681
day_2048,0,1,0.7759992745187547
day_2048,0,1,0.40693138043085736
day_2048,0,1,0.8864773180749681
day_2048,0,1,0.40693138043085736
day_2048,0,1,0.7759992745187547
day_2048,0,1,0.40693138043085736
day_2048,0,1,0.7759992745187547
day_2048,0,1,0.40693138043085736
day_2048,0,1,0.7759992745187547
day_2048,0,1,0.40693138043085736
day_2048,0,1,0.7759992745187547
day_2048,0,1,0.40693138043085736
day_2048,0,1,0.8864773180749681
day_2048,0,1,0.7759992745187547
day_2048,0,1,0.40693138043085736
day_2048,0,1,0.7759992745187547
day_2048,0,1,0.7759992745187547
day_2048,0,1,0.7759992745187547
day_2048,0,1,0.40693138043085736
day_2048,0,1,0.40693138043085736
day_2048,0,1,0.40693138043085736
day_2048,0,1,0.40693138043085736
day_2048,0,1,0.6296176910400391
day_2048,0,1,0.925396548377143
day_2048,0,1,0.4485546516047584
day_2048,0,1,0.6296176910400391
day_2048,0,1,0.925396548377143
day_2048,0,1,0.925396548377143
day_2048,0,1,0.4485546516047584
day_2048,0,1,0.925396548377143
day_2048,0,1,0.6296176910400391
day_2048,0,1,0.925396548377143
day_2048,0,1,0.6296176910400391
day_2048,0,1,0.925396548377143
day_2048,0,1,0.6296176910400391
day_2048,0,1,0.4485546516047584
day_2048,0,1,0.6296176910400391
day_2048,0,1,0.6296176910400391
day_2048,0,1,0.925396548377143
day_2048,0,1,0.6296176910400391
day_2048,0,1,0.4485546516047584
day_2048,0,1,0.4485546516047584
day_2048,0,1,0.6296176910400391
day_2048,0,1,0.6296176910400391
day_2048,0,1,0.4485546516047584
day_2048,0,1,0.925396548377143
day_2048,0,1,0.925396548377143
day_2048,0,1,0.6296176910400391
day_2048,0,1,0.4485546516047584
day_2048,0,1,0.925396548377143
day_2048,0,1,0.925396548377143
day_2048,0,1,0.925396548377143
day_2048,0,1,0.4485546516047584
day_2048,0,1,0.6296176910400391
day_2048,0,1,0.6296176910400391
day_2048,0,1,0.6296176910400391
day_2048,0,1,0.6296176910400391
day_2048,0,1,0.925396548377143
day_2048,0,1,0.6296176910400391
day_2048,0,1,0.772520489162869
day_2048,0,1,0.7858000927501254
day_2048,0,1,0.5203796525796255
day_2048,0,1,0.7598302496804131
day_2048,0,1,0.7880877786212497
day_2048,0,1,0.7858000927501254
day_2048,0,1,0.26384465396404266
day_2048,0,1,0.7299207614527808
day_2048,0,1,0.518085218138165
day_2048,0,1,0.7299207614527808
day_2048,0,1,0.9216632975472344
day_2048,0,1,0.7598302496804131
day_2048,0,1,0.7299207614527808
day_2048,0,1,0.518085218138165
day_2048,0,1,0.6339084770944383
day_2048,0,1,0.5203796525796255
day_2048,0,1,0.26384465396404266
day_2048,0,1,0.7858000927501254
day_2048,0,1,0.8485703865687052
day_2048,0,1,0.7598302496804131
day_2048,0,1,0.6339084770944383
day_2048,0,1,0.7299207614527808
day_2048,0,1,0.7353475292523702
day_2048,0,1,0.9216632975472344
day_2048,0,1,0.7858000927501254
day_2048,0,1,0.7353475292523702
day_2048,0,1,0.7014700505468581
day_2048,0,1,0.9216632975472344
day_2048,0,1,0.7353475292523702
day_2048,0,1,0.7858000927501254
day_2048,0,1,0.7880877786212497
day_2048,0,1,0.772520489162869
day_2048,0,1,0.6339084770944383
day_2048,0,1,0.26384465396404266
day_2048,0,1,0.518085218138165
day_2048,0,1,0.7880877786212497
day_2048,0,1,0.7598302496804131
day_2048,0,1,0.13793796052535376
day_2048,0,1,0.3407396872838338
day_2048,0,1,0.3524059057235718
day_2048,0,1,0.9095556206173367
day_2048,0,1,0.9095556206173367
day_2048,0,1,0.13793796052535376
day_2048,0,1,0.3524059057235718
day_2048,0,1,0.565168731742435
day_2048,0,1,0.7969997591442533
day_2048,0,1,0.3407396872838338
day_2048,0,1,0.9095556206173367
day_2048,0,1,0.565168731742435
day_2048,0,1,0.9095556206173367
day_2048,0,1,0.3524059057235718
day_2048,0,1,0.3524059057235718
day_2048,0,1,0.7969997591442533
day_2048,0,1,0.7969997591442533
day_2048,0,1,0.13793796052535376
day_2048,0,1,0.3524059057235718
day_2048,0,1,0.9095556206173367
day_2048,0,1,0.7969997591442533
day_2048,0,1,0.565168731742435
day_2048,0,1,0.9095556206173367
day_2048,0,1,0.3524059057235718
day_2048,0,1,0.565168731742435
day_2048,0,1,0.565168731742435
day_2048,0,1,0.565168731742435
day_2048,0,1,0.7969997591442533
day_2048,0,1,0.13793796052535376
day_2048,0,1,0.565168731742435
day_2048,0,1,0.565168731742435
day_2048,0,1,0.3524059057235718
day_2048,0,1,0.7969997591442533
day_2048,0,1,0.13793796052535376
day_2048,0,1,0.9095556206173367
day_2048,0,1,0.565168731742435
day_2048,0,1,0.565168731742435
day_2048,0,1,0.5478270981046889
day_2048,0,1,0.5478270981046889
day_2048,0,1,0.4794204698668586
day_2048,0,1,0.6738319993019104
day_2048,0,1,0.5478270981046889
day_2048,0,1,0.5478270981046889
day_2048,0,1,0.5478270981046889
day_2048,0,1,0.4794204698668586
day_2048,0,1,0.5478270981046889
day_2048,0,1,0.5478270981046889
day_2048,0,1,0.5478270981046889
day_2048,0,1,0.5478270981046889
day_2048,0,1,0.4794204698668586
day_2048,0,1,0.5478270981046889
day_2048,0,1,0.5478270981046889
day_2048,0,1,0.5478270981046889
day_2048,0,1,0.6738319993019104
day_2048,0,1,0.4794204698668586
day_2048,0,1,0.5478270981046889
day_2048,0,1,0.5478270981046889
day_2048,0,1,0.6738319993019104
day_2048,0,1,0.6738319993019104
day_2048,0,1,0.6738319993019104
day_2048,0,1,0.4794204698668586
day_2048,0,1,0.5478270981046889
day_2048,0,1,0.5478270981046889
day_2048,0,1,0.4794204698668586
day_2048,0,1,0.5478270981046889
day_2048,0,1,0.4794204698668586
day_2048,0,1,0.5478270981046889
day_2048,0,1,0.5478270981046889
day_2048,0,1,0.4794204698668586
day_2048,0,1,0.4794204698668586
day_2048,0,1,0.4794204698668586
day_2048,0,1,0.5478270981046889
day_2048,0,1,0.4794204698668586
day_2048,0,1,0.4794204698668586
day_2048,0,1,0.7701417936219109
day_2048,0,1,0.3444591462612152
day_2048,0,1,0.5701062579949697
day_2048,0,1,0.5425373911857605
day_2048,0,1,0.7210941314697266
day_2048,0,1,0.7210941314697266
day_2048,0,1,0.6754156549771627
day_2048,0,1,0.5425373911857605
day_2048,0,1,0.7815387712584602
day_2048,0,1,0.3444591462612152
day_2048,0,1,0.6754156549771627
day_2048,0,1,0.5425373911857605
day_2048,0,1,0.4903069668345981
day_2048,0,1,0.5425373911857605
day_2048,0,1,0.7701417936219109
day_2048,0,1,0.7815387712584602
day_2048,0,1,0.5818402038680183
day_2048,0,1,0.7819641828536987
day_2048,0,1,0.5425373911857605
day_2048,0,1,0.4903069668345981
day_2048,0,1,0.7815387712584602
day_2048,0,1,0.7819641828536987
day_2048,0,1,0.6754156549771627
day_2048,0,1,0.5425373911857605
day_2048,0,1,0.32217635214328766
day_2048,0,1,0.3444591462612152
day_2048,0,1,0.3444591462612152
day_2048,0,1,0.32217635214328766
day_2048,0,1,0.5701062579949697
day_2048,0,1,0.7210941314697266
day_2048,0,1,0.5818402038680183
day_2048,0,1,0.37110656168725753
day_2048,0,1,0.32217635214328766
day_2048,0,1,0.7819641828536987
day_2048,0,1,0.7701417936219109
day_2048,0,1,0.6754156549771627
day_2048,0,1,0.5818402038680183
day_2048,0,1,0.6574229068226285
day_2048,0,1,0.8995907836490207
day_2048,0,1,0.8743021024598016
day_2048,0,1,0.8743021024598016
day_2048,0,1,0.6574229068226285
day_2048,0,1,0.8747200303607516
day_2048,0,1,0.6574229068226285
day_2048,0,1,0.6574229068226285
day_2048,0,1,0.8747200303607516
day_2048,0,1,0.8747200303607516
day_2048,0,1,0.8747200303607516
day_2048,0,1,0.8995907836490207
day_2048,0,1,0.8747200303607516
day_2048,0,1,0.6574229068226285
day_2048,0,1,0.6429442796442244
day_2048,0,1,0.8743021024598016
day_2048,0,1,0.8995907836490207
day_2048,0,1,0.7231442663404677
day_2048,0,1,0.8743021024598016
day_2048,0,1,0.8995907836490207
day_2048,0,1,0.6574229068226285
day_2048,0,1,0.7231442663404677
day_2048,0,1,0.8747200303607516
day_2048,0,1,0.6574229068226285
day_2048,0,1,0.6429442796442244
day_2048,0,1,0.6574229068226285
day_2048,0,1,0.6429442796442244
day_2048,0,1,0.7231442663404677
day_2048,0,1,0.8747200303607516
day_2048,0,1,0.8995907836490207
day_2048,0,1,0.8747200303607516
day_2048,0,1,0.7231442663404677
day_2048,0,1,0.8995907836490207
day_2048,0,1,0.6429442796442244
day_2048,0,1,0.8995907836490207
day_2048,0,1,0.6574229068226285
day_2048,0,1,0.6574229068226285
day_2048,0,1,0.5354152851634555
day_2048,0,1,0.46251417530907524
day_2048,0,1,0.21922892332077026
day_2048,0,1,0.2869121233622233
day_2048,0,1,0.29926301207807326
day_2048,0,1,0.4511423905690511
day_2048,0,1,0.36013128028975594
day_2048,0,1,0.2869121233622233
day_2048,0,1,0.29926301207807326
day_2048,0,1,0.5354152851634555
day_2048,0,1,0.2860804845889409
day_2048,0,1,0.39904114935133195
day_2048,0,1,0.3381753232744005
day_2048,0,1,0.5844137304359012
day_2048,0,1,0.5726296736134423
day_2048,0,1,0.4511423905690511
day_2048,0,1,0.5344311197598776
day_2048,0,1,0.29200051228205365
day_2048,0,1,0.46251417530907524
day_2048,0,1,0.3902885946962569
day_2048,0,1,0.2860804845889409
day_2048,0,1,0.4511423905690511
day_2048,0,1,0.3349581758181254
day_2048,0,1,0.3902885946962569
day_2048,0,1,0.5844137304359012
day_2048,0,1,0.3349581758181254
day_2048,0,1,0.16126218107011583
day_2048,0,1,0.3252978142764833
day_2048,0,1,0.29926301207807326
day_2048,0,1,0.5726296736134423
day_2048,0,1,0.36013128028975594
day_2048,0,1,0.15821785603960356
day_2048,0,1,0.5354152851634555
day_2048,0,1,0.38659676247172886
day_2048,0,1,0.36013128028975594
day_2048,0,1,0.39904114935133195
day_2048,0,1,0.3381753232744005
day_2048,0,1,0.7077291674084134
day_2048,0,1,0.3628542058997684
day_2048,0,1,0.5871781872378455
day_2048,0,1,0.4670562446117401
day_2048,0,1,0.5871781872378455
day_2048,0,1,0.27443809310595196
day_2048,0,1,0.3278681023253335
day_2048,0,1,0.7077291674084134
day_2048,0,1,0.7379371391402351
day_2048,0,1,0.29404084384441376
day_2048,0,1,0.1640466699997584
day_2048,0,1,0.4670562446117401
day_2048,0,1,0.36694424682193333
day_2048,0,1,0.3703594108422597
day_2048,0,1,0.3703594108422597
day_2048,0,1,0.7248234881295098
day_2048,0,1,0.47071920500861275
day_2048,0,1,0.4670562446117401
day_2048,0,1,0.8023049235343933
day_2048,0,1,0.4710889624224769
day_2048,0,1,0.3278681023253335
day_2048,0,1,0.5545783407158322
day_2048,0,1,0.6018450525071886
day_2048,0,1,0.29404084384441376
day_2048,0,1,0.7379371391402351
day_2048,0,1,0.4710889624224769
day_2048,0,1,0.5414036015669504
day_2048,0,1,0.3369179136223263
day_2048,0,1,0.7379371391402351
day_2048,0,1,0.8023049235343933
day_2048,0,1,0.4710889624224769
day_2048,0,1,0.5871781872378455
day_2048,0,1,0.3703594108422597
day_2048,0,1,0.1640466699997584
day_2048,0,1,0.6018450525071886
day_2048,0,1,0.8023049235343933
day_2048,0,1,0.3628542058997684
day_2048,0,1,0.8514917691548666
day_2048,0,1,0.8514917691548666
day_2048,0,1,0.8514917691548666
day_2048,0,1,0.8514917691548666
day_2048,0,1,0.8514917691548666
day_2048,0,1,0.8514917691548666
day_2048,0,1,0.8471317092577616
day_2048,0,1,0.8471317092577616
day_2048,0,1,0.8471317092577616
day_2048,0,1,0.6135492457283868
day_2048,0,1,0.8514917691548666
day_2048,0,1,0.8514917691548666
day_2048,0,1,0.6135492457283868
day_2048,0,1,0.8514917691548666
day_2048,0,1,0.8514917691548666
day_2048,0,1,0.6135492457283868
day_2048,0,1,0.6135492457283868
day_2048,0,1,0.8471317092577616
day_2048,0,1,0.6135492457283868
day_2048,0,1,0.6135492457283868
day_2048,0,1,0.6135492457283868
day_2048,0,1,0.8514917691548666
day_2048,0,1,0.8471317092577616
day_2048,0,1,0.8471317092577616
day_2048,0,1,0.6135492457283868
day_2048,0,1,0.6135492457283868
day_2048,0,1,0.8471317092577616
day_2048,0,1,0.8514917691548666
day_2048,0,1,0.6135492457283868
day_2048,0,1,0.8471317092577616
day_2048,0,1,0.8514917691548666
day_2048,0,1,0.8471317092577616
day_2048,0,1,0.6135492457283868
day_2048,0,1,0.8471317092577616
day_2048,0,1,0.6135492457283868
day_2048,0,1,0.8471317092577616
day_2048,0,1,0.6135492457283868
day_2048,0,1,0.6471763981713189
day_2048,0,1,0.6426728566487631
day_2048,0,1,0.49160175522168476
day_2048,0,1,0.7681050830417209
day_2048,0,1,0.5069611105653975
day_2048,0,1,0.4646967947483063
day_2048,0,1,0.7619733942879571
day_2048,0,1,0.8372925586170621
day_2048,0,1,0.6982228689723544
day_2048,0,1,0.6982228689723544
day_2048,0,1,0.6358500387933519
day_2048,0,1,0.6550897293620639
day_2048,0,1,0.6471763981713189
day_2048,0,1,0.45282789402537876
day_2048,0,1,0.8476682901382446
day_2048,0,1,0.3445228603151109
day_2048,0,1,0.6550897293620639
day_2048,0,1,0.8605006535847982
day_2048,0,1,0.8605006535847982
day_2048,0,1,0.9289628267288208
day_2048,0,1,0.6529673205481635
day_2048,0,1,0.7950026657846239
day_2048,0,1,0.5622965395450592
day_2048,0,1,0.8605006535847982
day_2048,0,1,0.5675318009323544
day_2048,0,1,0.455116652780109
day_2048,0,1,0.455116652780109
day_2048,0,1,0.47458356950018143
day_2048,0,1,0.5622965395450592
day_2048,0,1,0.9056750469737582
day_2048,0,1,0.6426728566487631
day_2048,0,1,0.3445228603151109
day_2048,0,1,0.7352414263619317
day_2048,0,1,0.5961850550439622
day_2048,0,1,0.455116652780109
day_2048,0,1,0.14628368616104126
day_2048,0,1,0.4646967947483063
day_2048,0,1,0.5643576184908549
day_2048,0,1,0.2720658961269591
day_2048,0,1,0.673748685253991
day_2048,0,1,0.6504534416728549
day_2048,0,1,0.6504534416728549
day_2048,0,1,0.2452058477534188
day_2048,0,1,0.2452058477534188
day_2048,0,1,0.3108612845341365
day_2048,0,1,0.5219097038110098
day_2048,0,1,0.2452058477534188
day_2048,0,1,0.2452058477534188
day_2048,0,1,0.2452058477534188
day_2048,0,1,0.2815946605470445
day_2048,0,1,0.684471435017056
day_2048,0,1,0.6697086095809937
day_2048,0,1,0.5453125735123953
day_2048,0,1,0.6504534416728549
day_2048,0,1,0.5114192002349429
day_2048,0,1,0.2452058477534188
day_2048,0,1,0.2720658961269591
day_2048,0,1,0.6504534416728549
day_2048,0,1,0.684471435017056
day_2048,0,1,0.2452058477534188
day_2048,0,1,0.3108612845341365
day_2048,0,1,0.28046278489960563
day_2048,0,1,0.6342792246076796
day_2048,0,1,0.5219097038110098
day_2048,0,1,0.5607805285188887
day_2048,0,1,0.3382829080025355
day_2048,0,1,0.2720658961269591
day_2048,0,1,0.5220774246586694
day_2048,0,1,0.684471435017056
day_2048,0,1,0.28046278489960563
day_2048,0,1,0.5328477919101715
day_2048,0,1,0.5643576184908549
day_2048,0,1,0.5953652097119225
day_2048,0,1,0.2452058477534188
day_2048,0,1,0.7443507115046183
day_2048,0,1,0.4977617561817169
day_2048,0,1,0.7443507115046183
day_2048,0,1,0.26333672967222
day_2048,0,1,0.7443507115046183
day_2048,0,1,0.4977617561817169
day_2048,0,1,0.26333672967222
day_2048,0,1,0.6354446609814962
day_2048,0,1,0.4977617561817169
day_2048,0,1,0.26333672967222
day_2048,0,1,0.6354446609814962
day_2048,0,1,0.26333672967222
day_2048,0,1,0.4977617561817169
day_2048,0,1,0.4977617561817169
day_2048,0,1,0.26333672967222
day_2048,0,1,0.26333672967222
day_2048,0,1,0.7443507115046183
day_2048,0,1,0.7443507115046183
day_2048,0,1,0.26333672967222
day_2048,0,1,0.4977617561817169
day_2048,0,1,0.7443507115046183
day_2048,0,1,0.6354446609814962
day_2048,0,1,0.26333672967222
day_2048,0,1,0.6354446609814962
day_2048,0,1,0.6354446609814962
day_2048,0,1,0.7443507115046183
day_2048,0,1,0.6354446609814962
day_2048,0,1,0.6354446609814962
day_2048,0,1,0.7443507115046183
day_2048,0,1,0.4977617561817169
day_2048,0,1,0.7443507115046183
day_2048,0,1,0.26333672967222
day_2048,0,1,0.6354446609814962
day_2048,0,1,0.7443507115046183
day_2048,0,1,0.7443507115046183
day_2048,0,1,0.4977617561817169
day_2048,0,1,0.26333672967222
day_2048,0,1,0.638464543554518
day_2048,0,1,0.638464543554518
day_2048,0,1,0.6869157287809584
day_2048,0,1,0.30295144352647996
day_2048,0,1,0.30295144352647996
day_2048,0,1,0.28905898829301196
day_2048,0,1,0.30295144352647996
day_2048,0,1,0.30295144352647996
day_2048,0,1,0.5113711920049455
day_2048,0,1,0.898537708653344
day_2048,0,1,0.6311699019538032
day_2048,0,1,0.6420796182420518
day_2048,0,1,0.4778428508175744
day_2048,0,1,0.898537708653344
day_2048,0,1,0.6415591604179807
day_2048,0,1,0.3740526106622484
day_2048,0,1,0.39097850521405536
day_2048,0,1,0.6972720291879442
day_2048,0,1,0.3740526106622484
day_2048,0,1,0.5000418259037865
day_2048,0,1,0.734200033876631
day_2048,0,1,0.5834096339013841
day_2048,0,1,0.28905898829301196
day_2048,0,1,0.5008552703592513
day_2048,0,1,0.7481498718261719
day_2048,0,1,0.5074554913573794
day_2048,0,1,0.30295144352647996
day_2048,0,1,0.638464543554518
day_2048,0,1,0.5625318023893568
day_2048,0,1,0.6977039045757718
day_2048,0,1,0.898537708653344
day_2048,0,1,0.5625318023893568
day_2048,0,1,0.6869157287809584
day_2048,0,1,0.5890805092122819
day_2048,0,1,0.6415591604179807
day_2048,0,1,0.638464543554518
day_2048,0,1,0.5113711920049455
day_2048,0,1,0.6586749653021494
day_2048,0,1,0.8372691207461886
day_2048,0,1,0.1800316439734565
day_2048,0,1,0.7018455929226346
day_2048,0,1,0.1774120165242089
day_2048,0,1,0.5627837810251448
day_2048,0,1,0.6003893978065915
day_2048,0,1,0.5627837810251448
day_2048,0,1,0.9157172507709928
day_2048,0,1,0.5161513653066423
day_2048,0,1,0.7018455929226346
day_2048,0,1,0.8112477196587456
day_2048,0,1,0.8372691207461886
day_2048,0,1,0.3302662471930186
day_2048,0,1,0.6003893978065915
day_2048,0,1,0.9157172507709928
day_2048,0,1,0.6003893978065915
day_2048,0,1,0.5627837810251448
day_2048,0,1,0.9157172507709928
day_2048,0,1,0.7018455929226346
day_2048,0,1,0.5287067857053545
day_2048,0,1,0.5627837810251448
day_2048,0,1,0.5161513653066423
day_2048,0,1,0.6586749653021494
day_2048,0,1,0.2783614413605796
day_2048,0,1,0.5287067857053545
day_2048,0,1,0.5627837810251448
day_2048,0,1,0.6586749653021494
day_2048,0,1,0.9157172507709928
day_2048,0,1,0.8112477196587456
day_2048,0,1,0.3302662471930186
day_2048,0,1,0.6586749653021494
day_2048,0,1,0.7018455929226346
day_2048,0,1,0.1774120165242089
day_2048,0,1,0.8372691207461886
day_2048,0,1,0.5627837810251448
day_2048,0,1,0.3302662471930186
day_2048,0,1,0.4645668897363875
day_2048,0,1,0.567037605577045
day_2048,0,1,0.4645668897363875
day_2048,0,1,0.7156449953715006
day_2048,0,1,0.567037605577045
day_2048,0,1,0.7156449953715006
day_2048,0,1,0.7156449953715006
day_2048,0,1,0.7156449953715006
day_2048,0,1,0.567037605577045
day_2048,0,1,0.4645668897363875
day_2048,0,1,0.7156449953715006
day_2048,0,1,0.7156449953715006
day_2048,0,1,0.7156449953715006
day_2048,0,1,0.4645668897363875
day_2048,0,1,0.4645668897363875
day_2048,0,1,0.4645668897363875
day_2048,0,1,0.4645668897363875
day_2048,0,1,0.567037605577045
day_2048,0,1,0.7156449953715006
day_2048,0,1,0.7156449953715006
day_2048,0,1,0.7156449953715006
day_2048,0,1,0.7156449953715006
day_2048,0,1,0.4645668897363875
day_2048,0,1,0.4645668897363875
day_2048,0,1,0.567037605577045
day_2048,0,1,0.7156449953715006
day_2048,0,1,0.7156449953715006
day_2048,0,1,0.4645668897363875
day_2048,0,1,0.7156449953715006
day_2048,0,1,0.7156449953715006
day_2048,0,1,0.7156449953715006
day_2048,0,1,0.567037605577045
day_2048,0,1,0.4645668897363875
day_2048,0,1,0.4645668897363875
day_2048,0,1,0.567037605577045
day_2048,0,1,0.4645668897363875
day_2048,0,1,0.4645668897363875
day_2048,0,1,0.9420865840382047
day_2048,0,1,0.9420865840382047
day_2048,0,1,0.9420865840382047
day_2048,0,1,0.9420865840382047
day_2048,0,1,0.9420865840382047
day_2048,0,1,0.9420865840382047
day_2048,0,1,0.9420865840382047
day_2048,0,1,0.9420865840382047
day_2048,0,1,0.9420865840382047
day_2048,0,1,0.9420865840382047
day_2048,0,1,0.9420865840382047
day_2048,0,1,0.9420865840382047
day_2048,0,1,0.9420865840382047
day_2048,0,1,0.9420865840382047
day_2048,0,1,0.9420865840382047
day_2048,0,1,0.9420865840382047
day_2048,0,1,0.9420865840382047
day_2048,0,1,0.9420865840382047
day_2048,0,1,0.9420865840382047
day_2048,0,1,0.9420865840382047
day_2048,0,1,0.9420865840382047
day_2048,0,1,0.9420865840382047
day_2048,0,1,0.9420865840382047
day_2048,0,1,0.9420865840382047
day_2048,0,1,0.9420865840382047
day_2048,0,1,0.9420865840382047
day_2048,0,1,0.9420865840382047
day_2048,0,1,0.9420865840382047
day_2048,0,1,0.9420865840382047
day_2048,0,1,0.9420865840382047
day_2048,0,1,0.9420865840382047
day_2048,0,1,0.9420865840382047
day_2048,0,1,0.9420865840382047
day_2048,0,1,0.9420865840382047
day_2048,0,1,0.9420865840382047
day_2048,0,1,0.9420865840382047
day_2048,0,1,0.9420865840382047
day_2048,0,1,0.5048016077942319
day_2048,0,1,0.5573372112380134
day_2048,0,1,0.8689044117927551
day_2048,0,1,0.47022918197843766
day_2048,0,1,0.8689044117927551
day_2048,0,1,0.6328842971060011
day_2048,0,1,0.3607409993807475
day_2048,0,1,0.8689044117927551
day_2048,0,1,0.6328842971060011
day_2048,0,1,0.3607409993807475
day_2048,0,1,0.3607409993807475
day_2048,0,1,0.6328842971060011
day_2048,0,1,0.5669911967383491
day_2048,0,1,0.5669911967383491
day_2048,0,1,0.8689044117927551
day_2048,0,1,0.47022918197843766
day_2048,0,1,0.6328842971060011
day_2048,0,1,0.5573372112380134
day_2048,0,1,0.8689044117927551
day_2048,0,1,0.5573372112380134
day_2048,0,1,0.6328842971060011
day_2048,0,1,0.8689044117927551
day_2048,0,1,0.5573372112380134
day_2048,0,1,0.6328842971060011
day_2048,0,1,0.5048016077942319
day_2048,0,1,0.5573372112380134
day_2048,0,1,0.5573372112380134
day_2048,0,1,0.8689044117927551
day_2048,0,1,0.5573372112380134
day_2048,0,1,0.6328842971060011
day_2048,0,1,0.8689044117927551
day_2048,0,1,0.47022918197843766
day_2048,0,1,0.5048016077942319
day_2048,0,1,0.5669911967383491
day_2048,0,1,0.47022918197843766
day_2048,0,1,0.47022918197843766
day_2048,0,1,0.6328842971060011
day_2048,0,1,0.38314731253518
day_2048,0,1,0.6103618840376536
day_2048,0,1,0.44160153137312996
day_2048,0,1,0.22317566805415684
day_2048,0,1,0.22317566805415684
day_2048,0,1,0.30302451219823623
day_2048,0,1,0.7554169429673089
day_2048,0,1,0.23888954520225525
day_2048,0,1,0.23888954520225525
day_2048,0,1,0.9268035689989725
day_2048,0,1,0.3783154355155097
day_2048,0,1,0.4229200515482161
day_2048,0,1,0.5998102592097388
day_2048,0,1,0.7391268478499519
day_2048,0,1,0.42831291755040485
day_2048,0,1,0.6984609497918023
day_2048,0,1,0.5287143058247037
day_2048,0,1,0.2888330701324675
day_2048,0,1,0.38314731253518
day_2048,0,1,0.4188285271326701
day_2048,0,1,0.5305209855238596
day_2048,0,1,0.7391268478499519
day_2048,0,1,0.23888954520225525
day_2048,0,1,0.22317566805415684
day_2048,0,1,0.4367028723160426
day_2048,0,1,0.4188285271326701
day_2048,0,1,0.6103618840376536
day_2048,0,1,0.44160153137312996
day_2048,0,1,0.3783154355155097
day_2048,0,1,0.4367028723160426
day_2048,0,1,0.23888954520225525
day_2048,0,1,0.6103618840376536
day_2048,0,1,0.4576941364341312
day_2048,0,1,0.6103618840376536
day_2048,0,1,0.7391268478499519
day_2048,0,1,0.6103618840376536
day_2048,0,1,0.6984609497918023
day_2048,0,1,0.3440411190191905
day_2048,0,1,0.8281783064206442
day_2048,0,1,0.6242412626743317
day_2048,0,1,0.8127393424510956
day_2048,0,1,0.8127393424510956
day_2048,0,1,0.3440411190191905
day_2048,0,1,0.6242412626743317
day_2048,0,1,0.6242412626743317
day_2048,0,1,0.44484272930357194
day_2048,0,1,0.3464007013373905
day_2048,0,1,0.3926423175467385
day_2048,0,1,0.4013772772418128
day_2048,0,1,0.41971447732713485
day_2048,0,1,0.8281783064206442
day_2048,0,1,0.8127393424510956
day_2048,0,1,0.3464007013373905
day_2048,0,1,0.4013772772418128
day_2048,0,1,0.3440411190191905
day_2048,0,1,0.8281783064206442
day_2048,0,1,0.4013772772418128
day_2048,0,1,0.44484272930357194
day_2048,0,1,0.6242412626743317
day_2048,0,1,0.3440411190191905
day_2048,0,1,0.41971447732713485
day_2048,0,1,0.8281783064206442
day_2048,0,1,0.8281783064206442
day_2048,0,1,0.8127393424510956
day_2048,0,1,0.8127393424510956
day_2048,0,1,0.8281783064206442
day_2048,0,1,0.4013772772418128
day_2048,0,1,0.44484272930357194
day_2048,0,1,0.3464007013373905
day_2048,0,1,0.8127393424510956
day_2048,0,1,0.3464007013373905
day_2048,0,1,0.3440411190191905
day_2048,0,1,0.6242412626743317
day_2048,0,1,0.4013772772418128
day_2048,0,1,0.2577652219269011
day_2048,0,1,0.18369875931077534
day_2048,0,1,0.48441242840554977
day_2048,0,1,0.2577652219269011
day_2048,0,1,0.3461468004518085
day_2048,0,1,0.4944241378042433
day_2048,0,1,0.7386797732777066
day_2048,0,1,0.44612718953026664
day_2048,0,1,0.7983767588933309
day_2048,0,1,0.6337215105692545
day_2048,0,1,0.7929877903726366
day_2048,0,1,0.6337215105692545
day_2048,0,1,0.6416323615445031
day_2048,0,1,0.4944241378042433
day_2048,0,1,0.3461468004518085
day_2048,0,1,0.6337215105692545
day_2048,0,1,0.6416323615445031
day_2048,0,1,0.3358812729517619
day_2048,0,1,0.2577652219269011
day_2048,0,1,0.8625851472218832
day_2048,0,1,0.6397774815559387
day_2048,0,1,0.2577652219269011
day_2048,0,1,0.7386797732777066
day_2048,0,1,0.6337215105692545
day_2048,0,1,0.7929877903726366
day_2048,0,1,0.3461468004518085
day_2048,0,1,0.2577652219269011
day_2048,0,1,0.8625851472218832
day_2048,0,1,0.18369875931077534
day_2048,0,1,0.7983767588933309
day_2048,0,1,0.18369875931077534
day_2048,0,1,0.7454793320761787
day_2048,0,1,0.8625851472218832
day_2048,0,1,0.7929877903726366
day_2048,0,1,0.7386797732777066
day_2048,0,1,0.6337215105692545
day_2048,0,1,0.44612718953026664
day_2048,0,1,0.9610350330670675
day_2048,0,1,0.9610350330670675
day_2048,0,1,0.9610350330670675
day_2048,0,1,0.9610350330670675
day_2048,0,1,0.9610350330670675
day_2048,0,1,0.9610350330670675
day_2048,0,1,0.9610350330670675
day_2048,0,1,0.9610350330670675
day_2048,0,1,0.9610350330670675
day_2048,0,1,0.9610350330670675
day_2048,0,1,0.9610350330670675
day_2048,0,1,0.9610350330670675
day_2048,0,1,0.9610350330670675
day_2048,0,1,0.9610350330670675
day_2048,0,1,0.9610350330670675
day_2048,0,1,0.9610350330670675
day_2048,0,1,0.9610350330670675
day_2048,0,1,0.9610350330670675
day_2048,0,1,0.9610350330670675
day_2048,0,1,0.9610350330670675
day_2048,0,1,0.9610350330670675
day_2048,0,1,0.9610350330670675
day_2048,0,1,0.9610350330670675
day_2048,0,1,0.9610350330670675
day_2048,0,1,0.9610350330670675
day_2048,0,1,0.9610350330670675
day_2048,0,1,0.9610350330670675
day_2048,0,1,0.9610350330670675
day_2048,0,1,0.9610350330670675
day_2048,0,1,0.9610350330670675
day_2048,0,1,0.9610350330670675
day_2048,0,1,0.9610350330670675
day_2048,0,1,0.9610350330670675
day_2048,0,1,0.9610350330670675
day_2048,0,1,0.9610350330670675
day_2048,0,1,0.9610350330670675
day_2048,0,1,0.9610350330670675
day_2048,0,1,0.837594125005934
day_2048,0,1,0.635251349873013
day_2048,0,1,0.20410320245557362
day_2048,0,1,0.635251349873013
day_2048,0,1,0.3905545141961839
day_2048,0,1,0.635251349873013
day_2048,0,1,0.3905545141961839
day_2048,0,1,0.20410320245557362
day_2048,0,1,0.3264564325412114
day_2048,0,1,0.3905545141961839
day_2048,0,1,0.3264564325412114
day_2048,0,1,0.3264564325412114
day_2048,0,1,0.3905545141961839
day_2048,0,1,0.635251349873013
day_2048,0,1,0.3264564325412114
day_2048,0,1,0.837594125005934
day_2048,0,1,0.20410320245557362
day_2048,0,1,0.635251349873013
day_2048,0,1,0.3264564325412114
day_2048,0,1,0.635251349873013
day_2048,0,1,0.20410320245557362
day_2048,0,1,0.20410320245557362
day_2048,0,1,0.3905545141961839
day_2048,0,1,0.837594125005934
day_2048,0,1,0.635251349873013
day_2048,0,1,0.635251349873013
day_2048,0,1,0.20410320245557362
day_2048,0,1,0.3264564325412114
day_2048,0,1,0.20410320245557362
day_2048,0,1,0.837594125005934
day_2048,0,1,0.3264564325412114
day_2048,0,1,0.3264564325412114
day_2048,0,1,0.3264564325412114
day_2048,0,1,0.3905545141961839
day_2048,0,1,0.3905545141961839
day_2048,0,1,0.3905545141961839
day_2048,0,1,0.20410320245557362
day_2048,0,1,0.5035311116112603
day_2048,0,1,0.46232383449872333
day_2048,0,1,0.6513102385732863
day_2048,0,1,0.23918421069780985
day_2048,0,1,0.46232383449872333
day_2048,0,1,0.32330527570512557
day_2048,0,1,0.5753760801421272
day_2048,0,1,0.2558033267656962
day_2048,0,1,0.5753760801421272
day_2048,0,1,0.4999853769938151
day_2048,0,1,0.40023167265786064
day_2048,0,1,0.5035311116112603
day_2048,0,1,0.23918421069780985
day_2048,0,1,0.23918421069780985
day_2048,0,1,0.2558033267656962
day_2048,0,1,0.40023167265786064
day_2048,0,1,0.6015316910213895
day_2048,0,1,0.5753760801421272
day_2048,0,1,0.6513102385732863
day_2048,0,1,0.3204960111114714
day_2048,0,1,0.40023167265786064
day_2048,0,1,0.7038654088973999
day_2048,0,1,0.5567793250083923
day_2048,0,1,0.23918421069780985
day_2048,0,1,0.2558033267656962
day_2048,0,1,0.3730973203976949
day_2048,0,1,0.22755900439288881
day_2048,0,1,0.3948316110504998
day_2048,0,1,0.6015316910213895
day_2048,0,1,0.5567793250083923
day_2048,0,1,0.7038654088973999
day_2048,0,1,0.356911763548851
day_2048,0,1,0.6015316910213895
day_2048,0,1,0.3730973203976949
day_2048,0,1,0.7038654088973999
day_2048,0,1,0.5567793250083923
day_2048,0,1,0.6015316910213895
day_2048,0,1,0.33852094246281517
day_2048,0,1,0.6241914629936218
day_2048,0,1,0.6360383099979825
day_2048,0,1,0.1971679213974211
day_2048,0,1,0.4244307213359409
day_2048,0,1,0.2814476109213299
day_2048,0,1,0.6704153683450487
day_2048,0,1,0.3803654909133911
day_2048,0,1,0.4889396693971422
day_2048,0,1,0.3149523718489541
day_2048,0,1,0.2814476109213299
day_2048,0,1,0.7635409037272135
day_2048,0,1,0.3589253392484453
day_2048,0,1,0.6808748973740472
day_2048,0,1,0.6360383099979825
day_2048,0,1,0.33852094246281517
day_2048,0,1,0.6527014076709747
day_2048,0,1,0.6527014076709747
day_2048,0,1,0.22755597780148187
day_2048,0,1,0.4244307213359409
day_2048,0,1,0.6364978783660464
day_2048,0,1,0.7036077313952975
day_2048,0,1,0.3153546154499054
day_2048,0,1,0.3589253392484453
day_2048,0,1,0.3589253392484453
day_2048,0,1,0.33852094246281517
day_2048,0,1,0.6364978783660464
day_2048,0,1,0.5131318105591668
day_2048,0,1,0.6704153683450487
day_2048,0,1,0.3149523718489541
day_2048,0,1,0.22755597780148187
day_2048,0,1,0.5891094240877364
day_2048,0,1,0.6527014076709747
day_2048,0,1,0.3149523718489541
day_2048,0,1,0.22755597780148187
day_2048,0,1,0.7403083973460727
day_2048,0,1,0.5131318105591668
day_2048,0,1,0.4595910310745239
day_2048,0,1,0.6943849954340193
day_2048,0,1,0.6943849954340193
day_2048,0,1,0.23447232610649532
day_2048,0,1,0.6327293614546458
day_2048,0,1,0.7789667579862807
day_2048,0,1,0.23447232610649532
day_2048,0,1,0.6327293614546458
day_2048,0,1,0.6790662540329827
day_2048,0,1,0.4595910310745239
day_2048,0,1,0.4595910310745239
day_2048,0,1,0.23447232610649532
day_2048,0,1,0.33713876207669574
day_2048,0,1,0.580067429277632
day_2048,0,1,0.5525626672638787
day_2048,0,1,0.6129198902183108
day_2048,0,1,0.7789667579862807
day_2048,0,1,0.4518007106251187
day_2048,0,1,0.7789667579862807
day_2048,0,1,0.4579428169462416
day_2048,0,1,0.4579428169462416
day_2048,0,1,0.4595910310745239
day_2048,0,1,0.4595910310745239
day_2048,0,1,0.5525626672638787
day_2048,0,1,0.580067429277632
day_2048,0,1,0.33713876207669574
day_2048,0,1,0.31244972348213196
day_2048,0,1,0.4518007106251187
day_2048,0,1,0.5525626672638787
day_2048,0,1,0.580067429277632
day_2048,0,1,0.23447232610649532
day_2048,0,1,0.4595910310745239
day_2048,0,1,0.7824083235528734
day_2048,0,1,0.33713876207669574
day_2048,0,1,0.5525626672638787
day_2048,0,1,0.4579428169462416
day_2048,0,1,0.6328202154901292
day_2048,0,1,0.3860378894540999
day_2048,0,1,0.3860378894540999
day_2048,0,1,0.3860378894540999
day_2048,0,1,0.3860378894540999
day_2048,0,1,0.3860378894540999
day_2048,0,1,0.3860378894540999
day_2048,0,1,0.3860378894540999
day_2048,0,1,0.3860378894540999
day_2048,0,1,0.3860378894540999
day_2048,0,1,0.3860378894540999
day_2048,0,1,0.3860378894540999
day_2048,0,1,0.3860378894540999
day_2048,0,1,0.3860378894540999
day_2048,0,1,0.3860378894540999
day_2048,0,1,0.3860378894540999
day_2048,0,1,0.3860378894540999
day_2048,0,1,0.3860378894540999
day_2048,0,1,0.3860378894540999
day_2048,0,1,0.3860378894540999
day_2048,0,1,0.3860378894540999
day_2048,0,1,0.3860378894540999
day_2048,0,1,0.3860378894540999
day_2048,0,1,0.3860378894540999
day_2048,0,1,0.3860378894540999
day_2048,0,1,0.3860378894540999
day_2048,0,1,0.3860378894540999
day_2048,0,1,0.3860378894540999
day_2048,0,1,0.3860378894540999
day_2048,0,1,0.3860378894540999
day_2048,0,1,0.3860378894540999
day_2048,0,1,0.3860378894540999
day_2048,0,1,0.3860378894540999
day_2048,0,1,0.3860378894540999
day_2048,0,1,0.3860378894540999
day_2048,0,1,0.3860378894540999
day_2048,0,1,0.3860378894540999
day_2048,0,1,0.3860378894540999
day_2048,0,1,0.4350024064381917
day_2048,0,1,0.4436567458841536
day_2048,0,1,0.4350024064381917
day_2048,0,1,0.4436567458841536
day_2048,0,1,0.4350024064381917
day_2048,0,1,0.4436567458841536
day_2048,0,1,0.4436567458841536
day_2048,0,1,0.779926061630249
day_2048,0,1,0.4436567458841536
day_2048,0,1,0.779926061630249
day_2048,0,1,0.4436567458841536
day_2048,0,1,0.4350024064381917
day_2048,0,1,0.4436567458841536
day_2048,0,1,0.4350024064381917
day_2048,0,1,0.779926061630249
day_2048,0,1,0.779926061630249
day_2048,0,1,0.4436567458841536
day_2048,0,1,0.779926061630249
day_2048,0,1,0.4350024064381917
day_2048,0,1,0.4350024064381917
day_2048,0,1,0.4350024064381917
day_2048,0,1,0.779926061630249
day_2048,0,1,0.4436567458841536
day_2048,0,1,0.4350024064381917
day_2048,0,1,0.779926061630249
day_2048,0,1,0.4350024064381917
day_2048,0,1,0.4436567458841536
day_2048,0,1,0.4350024064381917
day_2048,0,1,0.4436567458841536
day_2048,0,1,0.779926061630249
day_2048,0,1,0.4436567458841536
day_2048,0,1,0.4350024064381917
day_2048,0,1,0.779926061630249
day_2048,0,1,0.4350024064381917
day_2048,0,1,0.4436567458841536
day_2048,0,1,0.779926061630249
day_2048,0,1,0.4350024064381917
day_2048,0,1,0.6461246046755049
day_2048,0,1,0.6133531994289823
day_2048,0,1,0.4176989942789078
day_2048,0,1,0.6461246046755049
day_2048,0,1,0.6461246046755049
day_2048,0,1,0.6133531994289823
day_2048,0,1,0.4202442301644219
day_2048,0,1,0.7603137493133545
day_2048,0,1,0.6422917114363776
day_2048,0,1,0.5993511776129404
day_2048,0,1,0.7891642583741082
day_2048,0,1,0.7603137493133545
day_2048,0,1,0.6422917114363776
day_2048,0,1,0.6461246046755049
day_2048,0,1,0.7603137493133545
day_2048,0,1,0.6133531994289823
day_2048,0,1,0.5807547834184434
day_2048,0,1,0.4202442301644219
day_2048,0,1,0.511980801820755
day_2048,0,1,0.511980801820755
day_2048,0,1,0.7603137493133545
day_2048,0,1,0.7603137493133545
day_2048,0,1,0.6461246046755049
day_2048,0,1,0.4176989942789078
day_2048,0,1,0.9048365751902262
day_2048,0,1,0.6566103961732652
day_2048,0,1,0.5807547834184434
day_2048,0,1,0.6566103961732652
day_2048,0,1,0.6133531994289823
day_2048,0,1,0.8074222471978929
day_2048,0,1,0.8074222471978929
day_2048,0,1,0.511980801820755
day_2048,0,1,0.5993511776129404
day_2048,0,1,0.7891642583741082
day_2048,0,1,0.5993511776129404
day_2048,0,1,0.6566103961732652
day_2048,0,1,0.4176989942789078
day_2048,0,1,0.5771745675139957
day_2048,0,1,0.8861500753296746
day_2048,0,1,0.5771745675139957
day_2048,0,1,0.5174229409959581
day_2048,0,1,0.8861500753296746
day_2048,0,1,0.5771745675139957
day_2048,0,1,0.762541221247779
day_2048,0,1,0.5771745675139957
day_2048,0,1,0.8861500753296746
day_2048,0,1,0.5174229409959581
day_2048,0,1,0.762541221247779
day_2048,0,1,0.5174229409959581
day_2048,0,1,0.5771745675139957
day_2048,0,1,0.8861500753296746
day_2048,0,1,0.5771745675139957
day_2048,0,1,0.762541221247779
day_2048,0,1,0.8861500753296746
day_2048,0,1,0.5174229409959581
day_2048,0,1,0.762541221247779
day_2048,0,1,0.5174229409959581
day_2048,0,1,0.8861500753296746
day_2048,0,1,0.5174229409959581
day_2048,0,1,0.762541221247779
day_2048,0,1,0.8861500753296746
day_2048,0,1,0.8861500753296746
day_2048,0,1,0.8861500753296746
day_2048,0,1,0.8861500753296746
day_2048,0,1,0.5174229409959581
day_2048,0,1,0.762541221247779
day_2048,0,1,0.8861500753296746
day_2048,0,1,0.5771745675139957
day_2048,0,1,0.5174229409959581
day_2048,0,1,0.5174229409959581
day_2048,0,1,0.5771745675139957
day_2048,0,1,0.8861500753296746
day_2048,0,1,0.762541221247779
day_2048,0,1,0.5174229409959581
day_2048,0,1,0.6571018695831299
day_2048,0,1,0.6571018695831299
day_2048,0,1,0.6571018695831299
day_2048,0,1,0.6571018695831299
day_2048,0,1,0.6571018695831299
day_2048,0,1,0.6571018695831299
day_2048,0,1,0.6571018695831299
day_2048,0,1,0.6571018695831299
day_2048,0,1,0.6571018695831299
day_2048,0,1,0.6571018695831299
day_2048,0,1,0.6571018695831299
day_2048,0,1,0.6571018695831299
day_2048,0,1,0.6571018695831299
day_2048,0,1,0.6571018695831299
day_2048,0,1,0.6571018695831299
day_2048,0,1,0.6571018695831299
day_2048,0,1,0.6571018695831299
day_2048,0,1,0.6571018695831299
day_2048,0,1,0.6571018695831299
day_2048,0,1,0.6571018695831299
day_2048,0,1,0.6571018695831299
day_2048,0,1,0.6571018695831299
day_2048,0,1,0.6571018695831299
day_2048,0,1,0.6571018695831299
day_2048,0,1,0.6571018695831299
day_2048,0,1,0.6571018695831299
day_2048,0,1,0.6571018695831299
day_2048,0,1,0.6571018695831299
day_2048,0,1,0.6571018695831299
day_2048,0,1,0.6571018695831299
day_2048,0,1,0.6571018695831299
day_2048,0,1,0.6571018695831299
day_2048,0,1,0.6571018695831299
day_2048,0,1,0.6571018695831299
day_2048,0,1,0.6571018695831299
day_2048,0,1,0.6571018695831299
day_2048,0,1,0.6571018695831299
day_2048,0,1,0.33295300602912903
day_2048,0,1,0.2704515556494395
day_2048,0,1,0.5288676222165426
day_2048,0,1,0.4353065076801512
day_2048,0,1,0.5288676222165426
day_2048,0,1,0.5041055778662363
day_2048,0,1,0.5041055778662363
day_2048,0,1,0.44315361811055076
day_2048,0,1,0.472089194589191
day_2048,0,1,0.4551170501444075
day_2048,0,1,0.5144612954722511
day_2048,0,1,0.3315087937646442
day_2048,0,1,0.5211674372355143
day_2048,0,1,0.3315087937646442
day_2048,0,1,0.2704515556494395
day_2048,0,1,0.2704515556494395
day_2048,0,1,0.5041055778662363
day_2048,0,1,0.5288676222165426
day_2048,0,1,0.4353065076801512
day_2048,0,1,0.6170959141519334
day_2048,0,1,0.5144612954722511
day_2048,0,1,0.4145781464046902
day_2048,0,1,0.472089194589191
day_2048,0,1,0.4145781464046902
day_2048,0,1,0.5144612954722511
day_2048,0,1,0.472089194589191
day_2048,0,1,0.5211674372355143
day_2048,0,1,0.5288676222165426
day_2048,0,1,0.3315087937646442
day_2048,0,1,0.3315087937646442
day_2048,0,1,0.3315087937646442
day_2048,0,1,0.3315087937646442
day_2048,0,1,0.4551170501444075
day_2048,0,1,0.472089194589191
day_2048,0,1,0.5211674372355143
day_2048,0,1,0.4551170501444075
day_2048,0,1,0.4353065076801512
day_2048,0,1,0.5320474439197116
day_2048,0,1,0.5320474439197116
day_2048,0,1,0.8241392970085144
day_2048,0,1,0.8241392970085144
day_2048,0,1,0.5320474439197116
day_2048,0,1,0.8241392970085144
day_2048,0,1,0.5320474439197116
day_2048,0,1,0.8241392970085144
day_2048,0,1,0.8241392970085144
day_2048,0,1,0.5320474439197116
day_2048,0,1,0.8241392970085144
day_2048,0,1,0.8241392970085144
day_2048,0,1,0.5320474439197116
day_2048,0,1,0.8241392970085144
day_2048,0,1,0.5320474439197116
day_2048,0,1,0.5320474439197116
day_2048,0,1,0.5320474439197116
day_2048,0,1,0.8241392970085144
day_2048,0,1,0.5320474439197116
day_2048,0,1,0.5320474439197116
day_2048,0,1,0.8241392970085144
day_2048,0,1,0.5320474439197116
day_2048,0,1,0.8241392970085144
day_2048,0,1,0.8241392970085144
day_2048,0,1,0.5320474439197116
day_2048,0,1,0.5320474439197116
day_2048,0,1,0.8241392970085144
day_2048,0,1,0.5320474439197116
day_2048,0,1,0.5320474439197116
day_2048,0,1,0.8241392970085144
day_2048,0,1,0.5320474439197116
day_2048,0,1,0.8241392970085144
day_2048,0,1,0.8241392970085144
day_2048,0,1,0.8241392970085144
day_2048,0,1,0.5320474439197116
day_2048,0,1,0.5320474439197116
day_2048,0,1,0.8241392970085144
day_2048,0,1,0.7537271512879266
day_2048,0,1,0.25409313208527035
day_2048,0,1,0.4480001628398895
day_2048,0,1,0.4480001628398895
day_2048,0,1,0.25409313208527035
day_2048,0,1,0.6854690379566617
day_2048,0,1,0.3587246470981174
day_2048,0,1,0.7537271512879266
day_2048,0,1,0.6854690379566617
day_2048,0,1,0.5776026050249735
day_2048,0,1,0.4480001628398895
day_2048,0,1,0.7850183844566345
day_2048,0,1,0.5776026050249735
day_2048,0,1,0.3587246470981174
day_2048,0,1,0.25409313208527035
day_2048,0,1,0.5405639575587379
day_2048,0,1,0.4480001628398895
day_2048,0,1,0.4480001628398895
day_2048,0,1,0.3587246470981174
day_2048,0,1,0.7537271512879266
day_2048,0,1,0.25409313208527035
day_2048,0,1,0.25409313208527035
day_2048,0,1,0.5405639575587379
day_2048,0,1,0.5776026050249735
day_2048,0,1,0.7850183844566345
day_2048,0,1,0.7537271512879266
day_2048,0,1,0.7537271512879266
day_2048,0,1,0.5776026050249735
day_2048,0,1,0.5776026050249735
day_2048,0,1,0.4480001628398895
day_2048,0,1,0.5776026050249735
day_2048,0,1,0.5405639575587379
day_2048,0,1,0.4480001628398895
day_2048,0,1,0.5132677919334836
day_2048,0,1,0.7850183844566345
day_2048,0,1,0.5776026050249735
day_2048,0,1,0.3587246470981174
day_2048,0,1,0.682576921251085
day_2048,0,1,0.9025585121578641
day_2048,0,1,0.6935144265492758
day_2048,0,1,0.6935144265492758
day_2048,0,1,0.9206622110472785
day_2048,0,1,0.6935144265492758
day_2048,0,1,0.9025585121578641
day_2048,0,1,0.5596485965781741
day_2048,0,1,0.9206622110472785
day_2048,0,1,0.6935144265492758
day_2048,0,1,0.6935144265492758
day_2048,0,1,0.6935144265492758
day_2048,0,1,0.682576921251085
day_2048,0,1,0.9025585121578641
day_2048,0,1,0.5596485965781741
day_2048,0,1,0.5596485965781741
day_2048,0,1,0.6935144265492758
day_2048,0,1,0.5596485965781741
day_2048,0,1,0.682576921251085
day_2048,0,1,0.682576921251085
day_2048,0,1,0.9206622110472785
day_2048,0,1,0.9206622110472785
day_2048,0,1,0.5596485965781741
day_2048,0,1,0.9206622110472785
day_2048,0,1,0.5596485965781741
day_2048,0,1,0.6935144265492758
day_2048,0,1,0.5596485965781741
day_2048,0,1,0.9025585121578641
day_2048,0,1,0.5596485965781741
day_2048,0,1,0.5596485965781741
day_2048,0,1,0.5596485965781741
day_2048,0,1,0.682576921251085
day_2048,0,1,0.682576921251085
day_2048,0,1,0.6935144265492758
day_2048,0,1,0.5797823203934563
day_2048,0,1,0.682576921251085
day_2048,0,1,0.6935144265492758
day_2048,0,1,0.613713930050532
day_2048,0,1,0.537336935599645
day_2048,0,1,0.648456484079361
day_2048,0,1,0.6646112071143256
day_2048,0,1,0.7438732385635376
day_2048,0,1,0.2440760764810774
day_2048,0,1,0.648456484079361
day_2048,0,1,0.648456484079361
day_2048,0,1,0.537336935599645
day_2048,0,1,0.7786436213387383
day_2048,0,1,0.6646112071143256
day_2048,0,1,0.648456484079361
day_2048,0,1,0.6646112071143256
day_2048,0,1,0.613713930050532
day_2048,0,1,0.5333951380517747
day_2048,0,1,0.7786436213387383
day_2048,0,1,0.648456484079361
day_2048,0,1,0.7438732385635376
day_2048,0,1,0.613713930050532
day_2048,0,1,0.5333951380517747
day_2048,0,1,0.2440760764810774
day_2048,0,1,0.2440760764810774
day_2048,0,1,0.2440760764810774
day_2048,0,1,0.7438732385635376
day_2048,0,1,0.648456484079361
day_2048,0,1,0.6646112071143256
day_2048,0,1,0.648456484079361
day_2048,0,1,0.7438732385635376
day_2048,0,1,0.7438732385635376
day_2048,0,1,0.7438732385635376
day_2048,0,1,0.2440760764810774
day_2048,0,1,0.2440760764810774
day_2048,0,1,0.537336935599645
day_2048,0,1,0.7438732385635376
day_2048,0,1,0.5333951380517747
day_2048,0,1,0.5333951380517747
day_2048,0,1,0.7786436213387383
day_2048,0,1,0.9089138044251336
day_2048,0,1,0.9089138044251336
day_2048,0,1,0.9089138044251336
day_2048,0,1,0.9089138044251336
day_2048,0,1,0.9089138044251336
day_2048,0,1,0.9089138044251336
day_2048,0,1,0.9089138044251336
day_2048,0,1,0.9089138044251336
day_2048,0,1,0.9089138044251336
day_2048,0,1,0.9089138044251336
day_2048,0,1,0.9089138044251336
day_2048,0,1,0.9089138044251336
day_2048,0,1,0.9089138044251336
day_2048,0,1,0.9089138044251336
day_2048,0,1,0.9089138044251336
day_2048,0,1,0.9089138044251336
day_2048,0,1,0.9089138044251336
day_2048,0,1,0.9089138044251336
day_2048,0,1,0.9089138044251336
day_2048,0,1,0.9089138044251336
day_2048,0,1,0.9089138044251336
day_2048,0,1,0.9089138044251336
day_2048,0,1,0.9089138044251336
day_2048,0,1,0.9089138044251336
day_2048,0,1,0.9089138044251336
day_2048,0,1,0.9089138044251336
day_2048,0,1,0.9089138044251336
day_2048,0,1,0.9089138044251336
day_2048,0,1,0.9089138044251336
day_2048,0,1,0.9089138044251336
day_2048,0,1,0.9089138044251336
day_2048,0,1,0.9089138044251336
day_2048,0,1,0.9089138044251336
day_2048,0,1,0.9089138044251336
day_2048,0,1,0.9089138044251336
day_2048,0,1,0.9089138044251336
day_2048,0,1,0.9089138044251336
day_2048,0,1,0.7054349117808871
day_2048,0,1,0.41810635725657147
day_2048,0,1,0.315062274535497
day_2048,0,1,0.37892362972100574
day_2048,0,1,0.5845154987441169
day_2048,0,1,0.315062274535497
day_2048,0,1,0.33615704377492267
day_2048,0,1,0.6161025298966302
day_2048,0,1,0.42007071442074245
day_2048,0,1,0.774279773235321
day_2048,0,1,0.315062274535497
day_2048,0,1,0.33615704377492267
day_2048,0,1,0.5845154987441169
day_2048,0,1,0.6394721998108758
day_2048,0,1,0.5845154987441169
day_2048,0,1,0.35440347757604385
day_2048,0,1,0.35440347757604385
day_2048,0,1,0.37892362972100574
day_2048,0,1,0.5845154987441169
day_2048,0,1,0.37892362972100574
day_2048,0,1,0.6161025298966302
day_2048,0,1,0.5083747837278578
day_2048,0,1,0.33615704377492267
day_2048,0,1,0.37892362972100574
day_2048,0,1,0.3232796655760871
day_2048,0,1,0.315062274535497
day_2048,0,1,0.3560531818204456
day_2048,0,1,0.315062274535497
day_2048,0,1,0.41810635725657147
day_2048,0,1,0.35440347757604385
day_2048,0,1,0.35440347757604385
day_2048,0,1,0.33615704377492267
day_2048,0,1,0.37892362972100574
day_2048,0,1,0.667934430970086
day_2048,0,1,0.33615704377492267
day_2048,0,1,0.7054349117808871
day_2048,0,1,0.5083747837278578
day_2048,0,1,0.7433791822857327
day_2048,0,1,0.43480489320225185
day_2048,0,1,0.41958985726038617
day_2048,0,1,0.5843986007902358
day_2048,0,1,0.7731093035803901
day_2048,0,1,0.41958985726038617
day_2048,0,1,0.5843986007902358
day_2048,0,1,0.3952965388695399
day_2048,0,1,0.6911037829187181
day_2048,0,1,0.4435056447982788
day_2048,0,1,0.3952965388695399
day_2048,0,1,0.7433791822857327
day_2048,0,1,0.2961248175965415
day_2048,0,1,0.7914487653308444
day_2048,0,1,0.43480489320225185
day_2048,0,1,0.7914487653308444
day_2048,0,1,0.6911037829187181
day_2048,0,1,0.4197456141312917
day_2048,0,1,0.7469718390040927
day_2048,0,1,0.4435056447982788
day_2048,0,1,0.3952965388695399
day_2048,0,1,0.6911037829187181
day_2048,0,1,0.4435056447982788
day_2048,0,1,0.6911037829187181
day_2048,0,1,0.7433791822857327
day_2048,0,1,0.7433791822857327
day_2048,0,1,0.7469718390040927
day_2048,0,1,0.43480489320225185
day_2048,0,1,0.7469718390040927
day_2048,0,1,0.41958985726038617
day_2048,0,1,0.2961248175965415
day_2048,0,1,0.7914487653308444
day_2048,0,1,0.7790181239446005
day_2048,0,1,0.4435056447982788
day_2048,0,1,0.4197456141312917
day_2048,0,1,0.7469718390040927
day_2048,0,1,0.43480489320225185
day_2048,0,1,0.11382094273964564
day_2048,0,1,0.33585772580570644
day_2048,0,1,0.48511528968811035
day_2048,0,1,0.42585547930664486
day_2048,0,1,0.3989642196231418
day_2048,0,1,0.2381885035170449
day_2048,0,1,0.3989642196231418
day_2048,0,1,0.7705577678150601
day_2048,0,1,0.6618012057410346
day_2048,0,1,0.3313570453060998
day_2048,0,1,0.48511528968811035
day_2048,0,1,0.5093969570265876
day_2048,0,1,0.6618012057410346
day_2048,0,1,0.5093969570265876
day_2048,0,1,0.3313570453060998
day_2048,0,1,0.3313570453060998
day_2048,0,1,0.5093969570265876
day_2048,0,1,0.3846121695306566
day_2048,0,1,0.6307693190044827
day_2048,0,1,0.2381885035170449
day_2048,0,1,0.2381885035170449
day_2048,0,1,0.3313570453060998
day_2048,0,1,0.3989642196231418
day_2048,0,1,0.3313570453060998
day_2048,0,1,0.33585772580570644
day_2048,0,1,0.6307693190044827
day_2048,0,1,0.11382094273964564
day_2048,0,1,0.48511528968811035
day_2048,0,1,0.5093969570265876
day_2048,0,1,0.3989642196231418
day_2048,0,1,0.721376101175944
day_2048,0,1,0.11382094273964564
day_2048,0,1,0.7705577678150601
day_2048,0,1,0.3846121695306566
day_2048,0,1,0.3313570453060998
day_2048,0,1,0.48143915004200405
day_2048,0,1,0.5093969570265876
day_2048,0,1,0.20600737714105183
day_2048,0,1,0.608566423257192
day_2048,0,1,0.7618101239204407
day_2048,0,1,0.20600737714105183
day_2048,0,1,0.608566423257192
day_2048,0,1,0.7618101239204407
day_2048,0,1,0.7618101239204407
day_2048,0,1,0.20600737714105183
day_2048,0,1,0.6637620892789629
day_2048,0,1,0.20600737714105183
day_2048,0,1,0.3626556992530823
day_2048,0,1,0.29767412278387284
day_2048,0,1,0.3626556992530823
day_2048,0,1,0.7187383572260538
day_2048,0,1,0.3626556992530823
day_2048,0,1,0.7618101239204407
day_2048,0,1,0.20600737714105183
day_2048,0,1,0.29767412278387284
day_2048,0,1,0.7187383572260538
day_2048,0,1,0.3626556992530823
day_2048,0,1,0.3626556992530823
day_2048,0,1,0.29767412278387284
day_2048,0,1,0.6637620892789629
day_2048,0,1,0.608566423257192
day_2048,0,1,0.7618101239204407
day_2048,0,1,0.29767412278387284
day_2048,0,1,0.6637620892789629
day_2048,0,1,0.6637620892789629
day_2048,0,1,0.7187383572260538
day_2048,0,1,0.3626556992530823
day_2048,0,1,0.608566423257192
day_2048,0,1,0.3626556992530823
day_2048,0,1,0.608566423257192
day_2048,0,1,0.7618101239204407
day_2048,0,1,0.7187383572260538
day_2048,0,1,0.7187383572260538
day_2048,0,1,0.3626556992530823
day_2048,0,1,0.25721865395704907
day_2048,0,1,0.9540491369035509
day_2048,0,1,0.9480375382635329
day_2048,0,1,0.5247222483158112
day_2048,0,1,0.9540491369035509
day_2048,0,1,0.25721865395704907
day_2048,0,1,0.9540491369035509
day_2048,0,1,0.4412247969044579
day_2048,0,1,0.3199484546979268
day_2048,0,1,0.3199484546979268
day_2048,0,1,0.3199484546979268
day_2048,0,1,0.9480375382635329
day_2048,0,1,0.3199484546979268
day_2048,0,1,0.5247222483158112
day_2048,0,1,0.5247222483158112
day_2048,0,1,0.7344957855012682
day_2048,0,1,0.3199484546979268
day_2048,0,1,0.7768044405513339
day_2048,0,1,0.7344957855012682
day_2048,0,1,0.4412247969044579
day_2048,0,1,0.9540491369035509
day_2048,0,1,0.4412247969044579
day_2048,0,1,0.25721865395704907
day_2048,0,1,0.7768044405513339
day_2048,0,1,0.3199484546979268
day_2048,0,1,0.7344957855012682
day_2048,0,1,0.7768044405513339
day_2048,0,1,0.9540491369035509
day_2048,0,1,0.9480375382635329
day_2048,0,1,0.4412247969044579
day_2048,0,1,0.9480375382635329
day_2048,0,1,0.7344957855012682
day_2048,0,1,0.9540491369035509
day_2048,0,1,0.5247222483158112
day_2048,0,1,0.4412247969044579
day_2048,0,1,0.9540491369035509
day_2048,0,1,0.5247222483158112
day_2048,0,1,0.6712316672007242
day_2048,0,1,0.6712316672007242
day_2048,0,1,0.8217580848269992
day_2048,0,1,0.8217580848269992
day_2048,0,1,0.8217580848269992
day_2048,0,1,0.6712316672007242
day_2048,0,1,0.6712316672007242
day_2048,0,1,0.8217580848269992
day_2048,0,1,0.6712316672007242
day_2048,0,1,0.6712316672007242
day_2048,0,1,0.6712316672007242
day_2048,0,1,0.8217580848269992
day_2048,0,1,0.8217580848269992
day_2048,0,1,0.8217580848269992
day_2048,0,1,0.8217580848269992
day_2048,0,1,0.6712316672007242
day_2048,0,1,0.6712316672007242
day_2048,0,1,0.8217580848269992
day_2048,0,1,0.6712316672007242
day_2048,0,1,0.6712316672007242
day_2048,0,1,0.8217580848269992
day_2048,0,1,0.6712316672007242
day_2048,0,1,0.8217580848269992
day_2048,0,1,0.8217580848269992
day_2048,0,1,0.8217580848269992
day_2048,0,1,0.8217580848269992
day_2048,0,1,0.8217580848269992
day_2048,0,1,0.6712316672007242
day_2048,0,1,0.6712316672007242
day_2048,0,1,0.6712316672007242
day_2048,0,1,0.8217580848269992
day_2048,0,1,0.8217580848269992
day_2048,0,1,0.6712316672007242
day_2048,0,1,0.8217580848269992
day_2048,0,1,0.8217580848269992
day_2048,0,1,0.8217580848269992
day_2048,0,1,0.8217580848269992
day_2048,0,0,0.14345351441038978
day_2048,0,0,0.15034854163726172
day_2048,0,0,0.6920670900079939
day_2048,0,0,0.5086586773395538
day_2048,0,0,0.6726398683256574
day_2048,0,0,0.33306113216612077
day_2048,0,0,0.4983656903107961
day_2048,0,0,0.36216392119725543
day_2048,0,0,0.42301665080918205
day_2048,0,0,0.36872726678848267
day_2048,0,0,0.4646770755449931
day_2048,0,0,0.6895373927222358
day_2048,0,0,0.3092627674341202
day_2048,0,0,0.14230455375379986
day_2048,0,0,0.545637223455641
day_2048,0,0,0.7452077402008904
day_2048,0,0,0.36216392119725543
day_2048,0,0,0.4227600759930081
day_2048,0,0,0.5708869364526536
day_2048,0,0,0.324940315551228
day_2048,0,0,0.14345351441038978
day_2048,0,0,0.5170460244019827
day_2048,0,0,0.46221503284242416
day_2048,0,0,0.14345351441038978
day_2048,0,0,0.14418397761053509
day_2048,0,0,0.5622003210915459
day_2048,0,0,0.3821047842502594
day_2048,0,0,0.28680792616473305
day_2048,0,0,0.14345351441038978
day_2048,0,0,0.43838931288984084
day_2048,0,0,0.8427354163593717
day_2048,0,0,0.5137296385235257
day_2048,0,0,0.6403767665227255
day_2048,0,0,0.7227592070897421
day_2048,0,0,0.6665378047360314
day_2048,0,0,0.6029843688011169
day_2048,0,0,0.14345351441038978
day_2048,0,0,0.12277529678410953
day_2048,0,0,0.12277529678410953
day_2048,0,0,0.44855325089560616
day_2048,0,0,0.46797821587986416
day_2048,0,0,0.12277529678410953
day_2048,0,0,0.12277529678410953
day_2048,0,0,0.5825027823448181
day_2048,0,0,0.12277529678410953
day_2048,0,0,0.12277529678410953
day_2048,0,0,0.12277529678410953
day_2048,0,0,0.46071313156021965
day_2048,0,0,0.5994557804531522
day_2048,0,0,0.12277529678410953
day_2048,0,0,0.44748522837956745
day_2048,0,0,0.4696263935830858
day_2048,0,0,0.12277529678410953
day_2048,0,0,0.2717156757911046
day_2048,0,0,0.12277529678410953
day_2048,0,0,0.30630549126201206
day_2048,0,0,0.4430714613861508
day_2048,0,0,0.12277529678410953
day_2048,0,0,0.26561735735999215
day_2048,0,0,0.4016989701324039
day_2048,0,0,0.30728503896130455
day_2048,0,0,0.43264421158366734
day_2048,0,0,0.2783507290813658
day_2048,0,0,0.7490057084295485
day_2048,0,0,0.39200930131806266
day_2048,0,0,0.12277529678410953
day_2048,0,0,0.296202904648251
day_2048,0,0,0.5145394106705984
day_2048,0,0,0.607278499338362
day_2048,0,0,0.7594966755972968
day_2048,0,0,0.41300250755416024
day_2048,0,0,0.5361931986278958
day_2048,0,0,0.3510860370265113
day_2048,0,0,0.45830828613705105
day_2048,0,0,0.2404219988319609
day_2048,0,0,0.3803056478500366
day_2048,0,0,0.35556842469506794
day_2048,0,0,0.41627801458040875
day_2048,0,0,0.6016084121333228
day_2048,0,0,0.8400319814682007
day_2048,0,0,0.30079714126057094
day_2048,0,0,0.40552913149197894
day_2048,0,0,0.42662496699227226
day_2048,0,0,0.6580542226632436
day_2048,0,0,0.20217761231793296
day_2048,0,0,0.4407307240698073
day_2048,0,0,0.34724773549371296
day_2048,0,0,0.37080536286036175
day_2048,0,0,0.5416706535551283
day_2048,0,0,0.6507964498466916
day_2048,0,0,0.48360564973619247
day_2048,0,0,0.30605855418576133
day_2048,0,0,0.21036796106232536
day_2048,0,0,0.5988286468717787
day_2048,0,0,0.11472324778636296
day_2048,0,0,0.3764524989657932
day_2048,0,0,0.64713054895401
day_2048,0,0,0.3803056478500366
day_2048,0,0,0.7494267324606577
day_2048,0,0,0.1735345804029041
day_2048,0,0,0.25340430272950065
day_2048,0,0,0.5277203023433685
day_2048,0,0,0.6284149156676399
day_2048,0,0,0.26658302048842114
day_2048,0,0,0.732589152124193
day_2048,0,0,0.5330244733227624
day_2048,0,0,0.22301552693049112
day_2048,0,0,0.5320046113597022
day_2048,0,0,0.29736439221435124
day_2048,0,0,0.5777142312791612
day_2048,0,0,0.2961449358198378
day_2048,0,0,0.24018947862916523
day_2048,0,0,0.3111962344911363
day_2048,0,0,0.20948707146777046
day_2048,0,0,0.19101646294196448
day_2048,0,0,0.09536432764596409
day_2048,0,0,0.5517938931783041
day_2048,0,0,0.23995797294709417
day_2048,0,0,0.18347969154516855
day_2048,0,0,0.2065406988064448
day_2048,0,0,0.428891701830758
day_2048,0,0,0.07330359063214725
day_2048,0,0,0.34011851582262254
day_2048,0,0,0.33211800787183976
day_2048,0,0,0.07330359063214725
day_2048,0,0,0.5054504689243104
day_2048,0,0,0.18643726656834284
day_2048,0,0,0.34458861748377484
day_2048,0,0,0.3375164055162006
day_2048,0,0,0.4340662161509196
day_2048,0,0,0.3373968154191971
day_2048,0,0,0.07330359063214725
day_2048,0,0,0.48425455225838554
day_2048,0,0,0.07330359063214725
day_2048,0,0,0.34124214284949833
day_2048,0,0,0.5517938931783041
day_2048,0,0,0.1066923410528236
day_2048,0,0,0.4793635540538364
day_2048,0,0,0.5122545825110542
day_2048,0,0,0.24411333435111576
day_2048,0,0,0.4576626519362132
day_2048,0,0,0.1767144509487682
day_2048,0,0,0.21843026412857902
day_2048,0,0,0.5636097424560123
day_2048,0,0,0.17250900115403864
day_2048,0,0,0.5877921945518918
day_2048,0,0,0.18939549889829424
day_2048,0,0,0.07330359063214725
day_2048,0,0,0.5932309759987725
day_2048,0,0,0.5971423983573914
day_2048,0,0,0.5718045035998026
day_2048,0,0,0.3957386414210002
day_2048,0,0,0.3854026231500838
day_2048,0,0,0.46202772193484837
day_2048,0,0,0.5878702170319028
day_2048,0,0,0.10657715880208546
day_2048,0,0,0.34562594526343876
day_2048,0,0,0.6566234562132094
day_2048,0,0,0.28192101915677387
day_2048,0,0,0.5303671095106337
day_2048,0,0,0.31904279357857174
day_2048,0,0,0.45805290672514176
day_2048,0,0,0.39521940880351597
day_2048,0,0,0.4665975173314412
day_2048,0,0,0.554024424817827
day_2048,0,0,0.2545389036337535
day_2048,0,0,0.5478563176261054
day_2048,0,0,0.446621663040585
day_2048,0,0,0.44242654906378853
day_2048,0,0,0.413082468840811
day_2048,0,0,0.4494329657819536
day_2048,0,0,0.5516998436715868
day_2048,0,0,0.3811611466937595
day_2048,0,0,0.2952376388841205
day_2048,0,0,0.3403365711371104
day_2048,0,0,0.10657715880208546
day_2048,0,0,0.4665975173314412
day_2048,0,0,0.2787628173828125
day_2048,0,0,0.542078047990799
day_2048,0,0,0.5911023120085398
day_2048,0,0,0.4879404538207584
day_2048,0,0,0.3279939542214076
day_2048,0,0,0.5470659964614444
day_2048,0,0,0.5569013324048784
day_2048,0,0,0.5452659991052415
day_2048,0,0,0.1572244299782647
day_2048,0,0,0.16960501091347802
day_2048,0,0,0.10779295903113154
day_2048,0,0,0.19112199751867187
day_2048,0,0,0.2537194896075461
day_2048,0,0,0.21524378822909462
day_2048,0,0,0.18185549726088843
day_2048,0,0,0.19470412449704277
day_2048,0,0,0.1658463573290242
day_2048,0,0,0.23042728006839752
day_2048,0,0,0.13779372225205103
day_2048,0,0,0.27014557272195816
day_2048,0,0,0.5892610417471992
day_2048,0,0,0.19470412449704277
day_2048,0,0,0.0950941178533766
day_2048,0,0,0.22886761857403648
day_2048,0,0,0.1605610027909279
day_2048,0,0,0.14685272673765817
day_2048,0,0,0.7465260956022475
day_2048,0,0,0.15109088934130138
day_2048,0,0,0.1407632724278503
day_2048,0,0,0.2479664592279328
day_2048,0,0,0.24292894370026058
day_2048,0,0,0.19812851730320188
day_2048,0,0,0.17682439419958326
day_2048,0,0,0.19605086743831635
day_2048,0,0,0.4446103274822235
day_2048,0,0,0.5313882463508182
day_2048,0,0,0.1881090054909388
day_2048,0,0,0.33026808748642605
day_2048,0,0,0.15109088934130138
day_2048,0,0,0.09643758398791154
day_2048,0,0,0.1948668873972363
day_2048,0,0,0.6546503702799479
day_2048,0,0,0.28052832103437847
day_2048,0,0,0.1755509227514267
day_2048,0,0,0.18185549726088843
day_2048,0,0,0.3356418444050683
day_2048,0,0,0.13580194032854503
day_2048,0,0,0.2814389086431927
day_2048,0,0,0.22433052708705267
day_2048,0,0,0.16804765661557516
day_2048,0,0,0.5638349619176652
day_2048,0,0,0.4590057631333669
day_2048,0,0,0.602375371588601
day_2048,0,0,0.29286132090621525
day_2048,0,0,0.3830110728740692
day_2048,0,0,0.4407057596577538
day_2048,0,0,0.2599126050869624
day_2048,0,0,0.1587507724761963
day_2048,0,0,0.2418193601899677
day_2048,0,0,0.4440471960438622
day_2048,0,0,0.2952997104989158
day_2048,0,0,0.6875692771540748
day_2048,0,0,0.6960071855121188
day_2048,0,0,0.16804765661557516
day_2048,0,0,0.2599126050869624
day_2048,0,0,0.3845762676662869
day_2048,0,0,0.46509193380673725
day_2048,0,0,0.37687795029746163
day_2048,0,0,0.15889051722155678
day_2048,0,0,0.34638945592774284
day_2048,0,0,0.1850331938929028
day_2048,0,0,0.22243419455157387
day_2048,0,0,0.24122637593083912
day_2048,0,0,0.3648989134364658
day_2048,0,0,0.1747012502617306
day_2048,0,0,0.18862061575055122
day_2048,0,0,0.16826194524765015
day_2048,0,0,0.197973835385508
day_2048,0,0,0.19211874157190323
day_2048,0,0,0.5210744639237722
day_2048,0,0,0.24383791204955843
day_2048,0,0,0.3049119744035933
day_2048,0,0,0.7664293481243981
day_2048,0,0,0.13602571354971993
day_2048,0,0,0.2378212875790066
day_2048,0,0,0.2701326476203071
day_2048,0,0,0.5969403915935092
day_2048,0,0,0.26091773476865554
day_2048,0,0,0.2433256208896637
day_2048,0,0,0.39899662137031555
day_2048,0,0,0.29584260284900665
day_2048,0,0,0.478026376830207
day_2048,0,0,0.4141339361667633
day_2048,0,0,0.29523825148741406
day_2048,0,0,0.30766670571433175
day_2048,0,0,0.5882679488923814
day_2048,0,0,0.468365083138148
day_2048,0,0,0.4112274878554874
day_2048,0,0,0.36247484882672626
day_2048,0,0,0.30766670571433175
day_2048,0,0,0.562064978811476
day_2048,0,0,0.4233798947599199
day_2048,0,0,0.8599980341063606
day_2048,0,0,0.3605242802037133
day_2048,0,0,0.5824564066198137
day_2048,0,0,0.4640437795056237
day_2048,0,0,0.5891638166374631
day_2048,0,0,0.22341181337833405
day_2048,0,0,0.17421324799458185
day_2048,0,0,0.5969403915935092
day_2048,0,0,0.5068446397781372
day_2048,0,0,0.2981119089656406
day_2048,0,0,0.30544817282093895
day_2048,0,0,0.2969764702849918
day_2048,0,0,0.3547746804025438
day_2048,0,0,0.36653009057044983
day_2048,0,0,0.3878038658036126
day_2048,0,0,0.3668767346276177
day_2048,0,0,0.34287557668156093
day_2048,0,0,0.4621236026287079
day_2048,0,0,0.16546080095900428
day_2048,0,0,0.10964080194632213
day_2048,0,0,0.24820520480473837
day_2048,0,0,0.281360886991024
day_2048,0,0,0.31268150607744855
day_2048,0,0,0.3889145784907871
day_2048,0,0,0.18563070644934973
day_2048,0,0,0.5685720774862502
day_2048,0,0,0.1407534894016054
day_2048,0,0,0.2571902142630683
day_2048,0,0,0.140341241326597
day_2048,0,0,0.4691449436876509
day_2048,0,0,0.6521917283535004
day_2048,0,0,0.14766191277239057
day_2048,0,0,0.23256968789630467
day_2048,0,0,0.18155940704875523
day_2048,0,0,0.485828161239624
day_2048,0,0,0.2571902142630683
day_2048,0,0,0.46971021758185494
day_2048,0,0,0.8541674017906189
day_2048,0,0,0.5364580286873711
day_2048,0,0,0.5579808519946204
day_2048,0,0,0.2662677831119961
day_2048,0,0,0.47196314732233685
day_2048,0,0,0.3248567697074678
day_2048,0,0,0.5440832343366411
day_2048,0,0,0.2614043752352397
day_2048,0,0,0.18743909729851616
day_2048,0,0,0.37421609958012897
day_2048,0,0,0.8909516202078925
day_2048,0,0,0.4191729360156589
day_2048,0,0,0.15114842686388227
day_2048,0,0,0.1407534894016054
day_2048,0,0,0.2668320635954539
day_2048,0,0,0.140341241326597
day_2048,0,0,0.2818017237716251
day_2048,0,0,0.5655734042326609
day_2048,0,0,0.3689273562696245
day_2048,0,0,0.2605888429615233
day_2048,0,0,0.6223249865902795
day_2048,0,0,0.43367090490129256
day_2048,0,0,0.2798052661948734
day_2048,0,0,0.42942168315251666
day_2048,0,0,0.10370691865682602
day_2048,0,0,0.2479649070236418
day_2048,0,0,0.5697678890493181
day_2048,0,0,0.4852985077434116
day_2048,0,0,0.23972373869684008
day_2048,0,0,0.1809240798983309
day_2048,0,0,0.533655532532268
day_2048,0,0,0.6581264601813422
day_2048,0,0,0.3869243777460522
day_2048,0,0,0.7983250485526191
day_2048,0,0,0.4271971070104175
day_2048,0,0,0.2479649070236418
day_2048,0,0,0.6802495188183255
day_2048,0,0,0.14703666336006588
day_2048,0,0,0.800599667761061
day_2048,0,0,0.35781403217050767
day_2048,0,0,0.6446753674083285
day_2048,0,0,0.21765564216507804
day_2048,0,0,0.10370691865682602
day_2048,0,0,0.7106033364931742
day_2048,0,0,0.4937502443790436
day_2048,0,0,0.500410795211792
day_2048,0,0,0.2460426174932056
day_2048,0,0,0.2451243425408999
day_2048,0,0,0.27714724755949444
day_2048,0,0,0.2505755838420656
day_2048,0,0,0.3317732844087813
day_2048,0,0,0.7212021284633212
day_2048,0,0,0.25370388229688007
day_2048,0,0,0.5606173144446479
day_2048,0,0,0.41942521267467076
day_2048,0,0,0.37537088990211487
day_2048,0,0,0.47374841570854187
day_2048,0,0,0.3757631265454822
day_2048,0,0,0.137457807858785
day_2048,0,0,0.5989365345901914
day_2048,0,0,0.4186958372592926
day_2048,0,0,0.30188365446196663
day_2048,0,0,0.5103882849216461
day_2048,0,0,0.31427137553691864
day_2048,0,0,0.7087504598829482
day_2048,0,0,0.7396123210589091
day_2048,0,0,0.12911521229479048
day_2048,0,0,0.328629442387157
day_2048,0,0,0.12911521229479048
day_2048,0,0,0.285023076666726
day_2048,0,0,0.6269937554995219
day_2048,0,0,0.19884219765663147
day_2048,0,0,0.26825255900621414
day_2048,0,0,0.6023387644026015
day_2048,0,0,0.5055023696687486
day_2048,0,0,0.5325077838367887
day_2048,0,0,0.27191560135947335
day_2048,0,0,0.6328936285442777
day_2048,0,0,0.3313866853713989
day_2048,0,0,0.8188610076904297
day_2048,0,0,0.12911521229479048
day_2048,0,0,0.5430301626523336
day_2048,0,0,0.2329148824016253
day_2048,0,0,0.12911521229479048
day_2048,0,0,0.2784314884079827
day_2048,0,0,0.5143954422738817
day_2048,0,0,0.40272220472494763
day_2048,0,0,0.19775796267721388
day_2048,0,0,0.1743580417500602
day_2048,0,0,0.33130049374368453
day_2048,0,0,0.5103882849216461
day_2048,0,0,0.44198745489120483
day_2048,0,0,0.09971860672036807
day_2048,0,0,0.22867223785983193
day_2048,0,0,0.09971860672036807
day_2048,0,0,0.35125526454713607
day_2048,0,0,0.371863904926512
day_2048,0,0,0.26564837329917484
day_2048,0,0,0.3818662133481767
day_2048,0,0,0.2249707364373737
day_2048,0,0,0.6602689425150553
day_2048,0,0,0.5236270858181847
day_2048,0,0,0.26564837329917484
day_2048,0,0,0.503844271103541
day_2048,0,0,0.5139234397146437
day_2048,0,0,0.09971860672036807
day_2048,0,0,0.18329651405413946
day_2048,0,0,0.3889344235261281
day_2048,0,0,0.5019314289093018
day_2048,0,0,0.33757388757334816
day_2048,0,0,0.2309029201666514
day_2048,0,0,0.09971860672036807
day_2048,0,0,0.60486368338267
day_2048,0,0,0.24611715972423553
day_2048,0,0,0.26984019411934745
day_2048,0,0,0.2441287992729081
day_2048,0,0,0.2675076673428218
day_2048,0,0,0.4414999584356944
day_2048,0,0,0.09971860672036807
day_2048,0,0,0.4323224524656932
day_2048,0,0,0.1898392786582311
day_2048,0,0,0.8162452048725553
day_2048,0,0,0.7397561106416914
day_2048,0,0,0.2733917733033498
day_2048,0,0,0.26799195839299095
day_2048,0,0,0.38754097289509243
day_2048,0,0,0.09971860672036807
day_2048,0,0,0.33757388757334816
day_2048,0,0,0.22330299682087368
day_2048,0,0,0.30751093063089585
day_2048,0,0,0.44023026360405815
day_2048,0,0,0.25466949078771806
day_2048,0,0,0.7365762856271532
day_2048,0,0,0.18299834761354658
day_2048,0,0,0.46574900216526455
day_2048,0,0,0.7851395606994629
day_2048,0,0,0.3437761829959022
day_2048,0,0,0.10990671730703777
day_2048,0,0,0.17651269088188806
day_2048,0,0,0.7851395606994629
day_2048,0,0,0.661542170577579
day_2048,0,0,0.2130698619617356
day_2048,0,0,0.14549646940496233
day_2048,0,0,0.1763340507944425
day_2048,0,0,0.6826063527001275
day_2048,0,0,0.5399070050981309
day_2048,0,0,0.2061238553788927
day_2048,0,0,0.5474784821271896
day_2048,0,0,0.2877185096343358
day_2048,0,0,0.3509381065766017
day_2048,0,0,0.2511390695969264
day_2048,0,0,0.140331308874819
day_2048,0,0,0.1456860394941436
day_2048,0,0,0.841001119878557
day_2048,0,0,0.2231983948085043
day_2048,0,0,0.360296454694536
day_2048,0,0,0.6240745385487875
day_2048,0,0,0.27976300650172764
day_2048,0,0,0.10990671730703777
day_2048,0,0,0.7792830864588419
day_2048,0,0,0.4210170871681637
day_2048,0,0,0.2426610009537803
day_2048,0,0,0.23817124300532871
day_2048,0,0,0.24597731232643127
day_2048,0,0,0.14549646940496233
day_2048,0,0,0.24415398803022173
day_2048,0,0,0.2498201545741823
day_2048,0,0,0.5057753125826517
day_2048,0,0,0.5336543917655945
day_2048,0,0,0.4956099059846666
day_2048,0,0,0.2659577230612437
day_2048,0,0,0.5379814439349704
day_2048,0,0,0.3748640881644355
day_2048,0,0,0.457374374071757
day_2048,0,0,0.276394248008728
day_2048,0,0,0.2563854836755329
day_2048,0,0,0.31429396238591933
day_2048,0,0,0.4427679893043306
day_2048,0,0,0.45367009772194755
day_2048,0,0,0.4651869237422943
day_2048,0,0,0.43287135826216805
day_2048,0,0,0.22007494005892012
day_2048,0,0,0.2507222294807434
day_2048,0,0,0.618490907880995
day_2048,0,0,0.2578836679458618
day_2048,0,0,0.31510305735800004
day_2048,0,0,0.2746303586496247
day_2048,0,0,0.22382503458195263
day_2048,0,0,0.3025612168841892
day_2048,0,0,0.34671442541811204
day_2048,0,0,0.2659577230612437
day_2048,0,0,0.21759539428684446
day_2048,0,0,0.368981702460183
day_2048,0,0,0.4878694762786229
day_2048,0,0,0.35155463880962795
day_2048,0,0,0.2699108554257287
day_2048,0,0,0.24918099741141
day_2048,0,0,0.36897241738107467
day_2048,0,0,0.30759621494346195
day_2048,0,0,0.3748640881644355
day_2048,0,0,0.43967633777194554
day_2048,0,0,0.18203939331902397
day_2048,0,0,0.2763685915205214
day_2048,0,0,0.35987091064453125
day_2048,0,0,0.668416847785314
day_2048,0,0,0.30744245482815635
day_2048,0,0,0.2930541667673323
day_2048,0,0,0.23056095590194067
day_2048,0,0,0.6852105855941772
day_2048,0,0,0.5669518378045824
day_2048,0,0,0.31480424768394893
day_2048,0,0,0.6509706377983093
day_2048,0,0,0.2414505829413732
day_2048,0,0,0.21511425409052107
day_2048,0,0,0.5710856748951806
day_2048,0,0,0.6981571118036906
day_2048,0,0,0.6972003181775411
day_2048,0,0,0.14991407179170185
day_2048,0,0,0.28383800552950966
day_2048,0,0,0.16679126189814675
day_2048,0,0,0.2237127208047443
day_2048,0,0,0.42512881921397316
day_2048,0,0,0.5326922966374291
day_2048,0,0,0.3116263912783729
day_2048,0,0,0.09907568411694632
day_2048,0,0,0.23198194967375863
day_2048,0,0,0.4146496554215749
day_2048,0,0,0.2618049648072984
day_2048,0,0,0.2788129763470756
day_2048,0,0,0.10375217141376601
day_2048,0,0,0.21423365506860945
day_2048,0,0,0.09907568411694632
day_2048,0,0,0.2964221040407817
day_2048,0,0,0.2772735514574581
day_2048,0,0,0.3087613930304845
day_2048,0,0,0.42851465609338546
day_2048,0,0,0.12017815022004975
day_2048,0,0,0.4334675239192115
day_2048,0,0,0.5842946039305793
day_2048,0,0,0.5870092246267531
day_2048,0,0,0.4126609199576908
day_2048,0,0,0.4818877379099528
day_2048,0,0,0.28440705438454944
day_2048,0,0,0.29881088270081413
day_2048,0,0,0.19251649578412375
day_2048,0,0,0.3717675805091858
day_2048,0,0,0.2323259578810798
day_2048,0,0,0.13793796052535376
day_2048,0,0,0.44847650660408866
day_2048,0,0,0.5071639815966288
day_2048,0,0,0.42505957186222076
day_2048,0,0,0.48308054937256706
day_2048,0,0,0.2124729479352633
day_2048,0,0,0.3518068856663174
day_2048,0,0,0.507014791170756
day_2048,0,0,0.6970994406276279
day_2048,0,0,0.13793796052535376
day_2048,0,0,0.44646915793418884
day_2048,0,0,0.4980696572197808
day_2048,0,0,0.36964185039202374
day_2048,0,0,0.37900697853830123
day_2048,0,0,0.4414018607801861
day_2048,0,0,0.6769291096263461
day_2048,0,0,0.45734255181418526
day_2048,0,0,0.3568282309505675
day_2048,0,0,0.3670170141590966
day_2048,0,0,0.14256785561641058
day_2048,0,0,0.3208333883020613
day_2048,0,0,0.39113086958726245
day_2048,0,0,0.30335310101509094
day_2048,0,0,0.3133166912529204
day_2048,0,0,0.3806261304352019
day_2048,0,0,0.29650944968064624
day_2048,0,0,0.7533032761679755
day_2048,0,0,0.4298405779732598
day_2048,0,0,0.4338154031170739
day_2048,0,0,0.5487094985114204
day_2048,0,0,0.3580702162451214
day_2048,0,0,0.46717149019241333
day_2048,0,0,0.2471928613053428
day_2048,0,0,0.415990627474255
day_2048,0,0,0.7356654670503404
day_2048,0,0,0.10471455587281121
day_2048,0,0,0.5126384695370992
day_2048,0,0,0.670703262090683
day_2048,0,0,0.39799877338939244
day_2048,0,0,0.33471524384286666
day_2048,0,0,0.2880316856834624
day_2048,0,0,0.1107342897189988
day_2048,0,0,0.5386376314693027
day_2048,0,0,0.1387140287293328
day_2048,0,0,0.3619992832342784
day_2048,0,0,0.5057071050008138
day_2048,0,0,0.3775448401769002
day_2048,0,0,0.40889717804061043
day_2048,0,0,0.5459897915522257
day_2048,0,0,0.4190161493089464
day_2048,0,0,0.7724279893769158
day_2048,0,0,0.1399854744474093
day_2048,0,0,0.38931216465102303
day_2048,0,0,0.3824783894750807
day_2048,0,0,0.42547669344478184
day_2048,0,0,0.48530172639422947
day_2048,0,0,0.49905165698793197
day_2048,0,0,0.7356654670503404
day_2048,0,0,0.7019122607178159
day_2048,0,0,0.1811639741063118
day_2048,0,0,0.2661806129746967
day_2048,0,0,0.2661806129746967
day_2048,0,0,0.2722392827272415
day_2048,0,0,0.5937571989165412
day_2048,0,0,0.10471455587281121
day_2048,0,0,0.4556349482801225
day_2048,0,0,0.1336149060063892
day_2048,0,0,0.43792597783936393
day_2048,0,0,0.2565443747573429
day_2048,0,0,0.16764611502488455
day_2048,0,0,0.6154741711086698
day_2048,0,0,0.2773275491264131
day_2048,0,0,0.8343364199002584
day_2048,0,0,0.3431410590807597
day_2048,0,0,0.36129188040892285
day_2048,0,0,0.3960136440065172
day_2048,0,0,0.1070015211072233
day_2048,0,0,0.2981287870142195
day_2048,0,0,0.5364087886280484
day_2048,0,0,0.27533583011892104
day_2048,0,0,0.3048807233572006
day_2048,0,0,0.5166131787829928
day_2048,0,0,0.6582967771424187
day_2048,0,0,0.4834965897930993
day_2048,0,0,0.1263836742275291
day_2048,0,0,0.45582669642236495
day_2048,0,0,0.14193526407082876
day_2048,0,0,0.587728328175015
day_2048,0,0,0.3472752670447032
day_2048,0,0,0.36296627587742275
day_2048,0,0,0.5401621361573538
day_2048,0,0,0.25087668663925594
day_2048,0,0,0.4432691004541185
day_2048,0,0,0.523532874054379
day_2048,0,0,0.4625589648882548
day_2048,0,0,0.15076126820511287
day_2048,0,0,0.1070015211072233
day_2048,0,0,0.3250657320022583
day_2048,0,0,0.7147400809658898
day_2048,0,0,0.7233375244670444
day_2048,0,0,0.2130279971493615
day_2048,0,0,0.3814091682434082
day_2048,0,0,0.5749266280068291
day_2048,0,0,0.24692299465338388
day_2048,0,0,0.2529216955105464
day_2048,0,0,0.11425250851445728
day_2048,0,0,0.14110756582683986
day_2048,0,0,0.16423070058226585
day_2048,0,0,0.4788421226872338
day_2048,0,0,0.1760951363378101
day_2048,0,0,0.6179829670323266
day_2048,0,0,0.6039075387848748
day_2048,0,0,0.23109513438410229
day_2048,0,0,0.316408375898997
day_2048,0,0,0.23329767336448035
day_2048,0,0,0.2756532397535112
day_2048,0,0,0.10884667250017326
day_2048,0,0,0.2430698424577713
day_2048,0,0,0.12105087025298013
day_2048,0,0,0.18383820975820223
day_2048,0,0,0.3447194579574797
day_2048,0,0,0.3777821742826038
day_2048,0,0,0.24526314271820915
day_2048,0,0,0.28045017189449734
day_2048,0,0,0.8774092528555129
day_2048,0,0,0.21980910499890646
day_2048,0,0,0.2756532397535112
day_2048,0,0,0.6763595475090874
day_2048,0,0,0.4625447392463684
day_2048,0,0,0.5530262192090353
day_2048,0,0,0.1910735484626558
day_2048,0,0,0.5268771946430206
day_2048,0,0,0.4788421226872338
day_2048,0,0,0.19799559894535276
day_2048,0,0,0.7026458846198188
day_2048,0,0,0.20988653848568598
day_2048,0,0,0.4086615310774909
day_2048,0,0,0.310279013382064
day_2048,0,0,0.3001076678435008
day_2048,0,0,0.6530337863498263
day_2048,0,0,0.2219436884754234
day_2048,0,0,0.6141805383894179
day_2048,0,0,0.4079381591743893
day_2048,0,0,0.22123530507087708
day_2048,0,0,0.4898821777767605
day_2048,0,0,0.43541068500942653
day_2048,0,0,0.3426978141069412
day_2048,0,0,0.3386664456791348
day_2048,0,0,0.1445864335530334
day_2048,0,0,0.21789833489391539
day_2048,0,0,0.4585012131267124
day_2048,0,0,0.6850188705656264
day_2048,0,0,0.12726306998067433
day_2048,0,0,0.5386535392867194
day_2048,0,0,0.6234558324019114
day_2048,0,0,0.5857032206323411
day_2048,0,0,0.2924618017342355
day_2048,0,0,0.4734048710929023
day_2048,0,0,0.39776933358775246
day_2048,0,0,0.5135731829537286
day_2048,0,0,0.5296134617593553
day_2048,0,0,0.31994882391558754
day_2048,0,0,0.2906731598907047
day_2048,0,0,0.307061567902565
day_2048,0,0,0.2671285118493769
day_2048,0,0,0.5177927315235138
day_2048,0,0,0.5688458647992876
day_2048,0,0,0.307061567902565
day_2048,0,0,0.10790396067831251
day_2048,0,0,0.10790396067831251
day_2048,0,0,0.4250780509577857
day_2048,0,0,0.4358815617031521
day_2048,0,0,0.7559465302361382
day_2048,0,0,0.4252825081348419
day_2048,0,0,0.594501816564136
day_2048,0,0,0.43204465839597916
day_2048,0,0,0.5691467987166511
day_2048,0,0,0.5846666296323141
day_2048,0,0,0.3337441434462865
day_2048,0,0,0.32379993465211654
day_2048,0,0,0.36276639335685307
day_2048,0,0,0.2085999564992057
day_2048,0,0,0.47271043724483913
day_2048,0,0,0.23337119817733765
day_2048,0,0,0.3072306281990475
day_2048,0,0,0.2098531731300884
day_2048,0,0,0.17771344797478783
day_2048,0,0,0.22329573995537227
day_2048,0,0,0.5529012613826327
day_2048,0,0,0.43261122869120705
day_2048,0,0,0.37682052784495884
day_2048,0,0,0.2511945582098431
day_2048,0,0,0.3167334546645482
day_2048,0,0,0.2870149893893136
day_2048,0,0,0.24301180243492126
day_2048,0,0,0.6106346680058373
day_2048,0,0,0.5015103816986084
day_2048,0,0,0.6473680072360568
day_2048,0,0,0.33809716833962333
day_2048,0,0,0.5507904754744636
day_2048,0,0,0.7279279695616828
day_2048,0,0,0.19246979802846909
day_2048,0,0,0.5484231842888726
day_2048,0,0,0.2235840145084593
day_2048,0,0,0.1743861867321862
day_2048,0,0,0.4903394447432624
day_2048,0,0,0.19645785457558101
day_2048,0,0,0.4126787434021632
day_2048,0,0,0.24823116262753805
day_2048,0,0,0.3145784106519487
day_2048,0,0,0.845411393377516
day_2048,0,0,0.25503593186537427
day_2048,0,0,0.4909502731429206
day_2048,0,0,0.6496018105083041
day_2048,0,0,0.44693701134787667
day_2048,0,0,0.12484219214982456
day_2048,0,0,0.5718688567479452
day_2048,0,0,0.1593023824195067
day_2048,0,0,0.23661689543061787
day_2048,0,0,0.23442477567328346
day_2048,0,0,0.24967142111725277
day_2048,0,0,0.29950181643168133
day_2048,0,0,0.31627658837371403
day_2048,0,0,0.5259806414445242
day_2048,0,0,0.6084316008620791
day_2048,0,0,0.10046133399009705
day_2048,0,0,0.12914273101422521
day_2048,0,0,0.2721407918466462
day_2048,0,0,0.3677484095096588
day_2048,0,0,0.23442477567328346
day_2048,0,0,0.1540224924683571
day_2048,0,0,0.28832031455304885
day_2048,0,0,0.16023573941654629
day_2048,0,0,0.49396176305082107
day_2048,0,0,0.5146853162182702
day_2048,0,0,0.5359452201260461
day_2048,0,0,0.6605674160851372
day_2048,0,0,0.19970113701290554
day_2048,0,0,0.6080167094866434
day_2048,0,0,0.23231075786881977
day_2048,0,0,0.32520298494233024
day_2048,0,0,0.1501188882523113
day_2048,0,0,0.5517227947711945
day_2048,0,0,0.21850220527913836
day_2048,0,0,0.5854926274882423
day_2048,0,0,0.19822378787729475
day_2048,0,0,0.14417286093036333
day_2048,0,0,0.13513562538557583
day_2048,0,0,0.5416547788514031
day_2048,0,0,0.48352887895372176
day_2048,0,0,0.2071656891041332
day_2048,0,0,0.2092380573352178
day_2048,0,0,0.9175780481762357
day_2048,0,0,0.14021505498223835
day_2048,0,0,0.6810280813111199
day_2048,0,0,0.611468450890647
day_2048,0,0,0.14195647256241906
day_2048,0,0,0.20704309145609537
day_2048,0,0,0.2586371766196357
day_2048,0,0,0.43209400441911483
day_2048,0,0,0.4950687487920125
day_2048,0,0,0.9100515709982978
day_2048,0,0,0.7006210486094157
day_2048,0,0,0.13263382017612457
day_2048,0,0,0.20968655910756853
day_2048,0,0,0.23489280458953646
day_2048,0,0,0.3328113721476661
day_2048,0,0,0.12514802068471909
day_2048,0,0,0.509842230214013
day_2048,0,0,0.20772705475489298
day_2048,0,0,0.8127786980734931
day_2048,0,0,0.12744555125633875
day_2048,0,0,0.5712835821840498
day_2048,0,0,0.5627687242296007
day_2048,0,0,0.12514802068471909
day_2048,0,0,0.6576980418629117
day_2048,0,0,0.12514802068471909
day_2048,0,0,0.3297863304615021
day_2048,0,0,0.3328113721476661
day_2048,0,0,0.1362921107146475
day_2048,0,0,0.13556420471933153
day_2048,0,0,0.2626960674921672
day_2048,0,0,0.7685704694853889
day_2048,0,0,0.14370372229152256
day_2048,0,0,0.844617850250668
day_2048,0,0,0.5197544892628988
day_2048,0,0,0.7987078560723199
day_2048,0,0,0.3000641167163849
day_2048,0,0,0.32096101840337116
day_2048,0,0,0.6667971213658651
day_2048,0,0,0.38225488033559585
day_2048,0,0,0.6637877623240153
day_2048,0,0,0.5050414601961771
day_2048,0,0,0.41749654875861275
day_2048,0,0,0.45095476508140564
day_2048,0,0,0.2036286700103018
day_2048,0,0,0.40787262717882794
day_2048,0,0,0.40776102079285514
day_2048,0,0,0.2675656063689126
day_2048,0,0,0.20542749845319325
day_2048,0,0,0.47806713978449505
day_2048,0,0,0.3141990105311076
day_2048,0,0,0.5947812365161048
day_2048,0,0,0.7850497696134779
day_2048,0,0,0.6588616967201233
day_2048,0,0,0.1406194315188461
day_2048,0,0,0.4412769012980991
day_2048,0,0,0.3791012366612752
day_2048,0,0,0.30115609367688495
day_2048,0,0,0.33875612417856854
day_2048,0,0,0.8049492107497321
day_2048,0,0,0.5885951618353525
day_2048,0,0,0.8425630728403727
day_2048,0,0,0.34194830391142106
day_2048,0,0,0.5111873977714114
day_2048,0,0,0.42663780517048305
day_2048,0,0,0.4910070796807607
day_2048,0,0,0.2597147143549389
day_2048,0,0,0.3212827013598548
day_2048,0,0,0.21608084605799782
day_2048,0,0,0.21660606066385904
day_2048,0,0,0.32096101840337116
day_2048,0,0,0.35009364618195427
day_2048,0,0,0.7560201485951742
day_2048,0,0,0.37858690155877006
day_2048,0,0,0.1480102762579918
day_2048,0,0,0.28455735908614266
day_2048,0,0,0.1480102762579918
day_2048,0,0,0.16177358229955038
day_2048,0,0,0.1955807407697042
day_2048,0,0,0.6749187575446235
day_2048,0,0,0.371016252372
day_2048,0,0,0.2969800680875778
day_2048,0,0,0.4526594777901967
day_2048,0,0,0.3213344282574124
day_2048,0,0,0.1480102762579918
day_2048,0,0,0.1480102762579918
day_2048,0,0,0.23776940173572964
day_2048,0,0,0.43342341979344684
day_2048,0,0,0.34813209705882603
day_2048,0,0,0.2969800680875778
day_2048,0,0,0.15678980201482773
day_2048,0,0,0.581292086177402
day_2048,0,0,0.5868054860168033
day_2048,0,0,0.6537627511554294
day_2048,0,0,0.1480102762579918
day_2048,0,0,0.1480102762579918
day_2048,0,0,0.47569570276472306
day_2048,0,0,0.1480102762579918
day_2048,0,0,0.8328914046287537
day_2048,0,0,0.5037194887797037
day_2048,0,0,0.740274641248915
day_2048,0,0,0.4320162733395894
day_2048,0,0,0.1890876359409756
day_2048,0,0,0.23276382601923412
day_2048,0,0,0.25354861385292476
day_2048,0,0,0.5247271557648977
day_2048,0,0,0.1480102762579918
day_2048,0,0,0.2861216896110111
day_2048,0,0,0.2861216896110111
day_2048,0,0,0.8380274838871427
day_2048,0,0,0.1480102762579918
day_2048,0,0,0.34208668933974373
day_2048,0,0,0.387824641333686
day_2048,0,0,0.4206632673740387
day_2048,0,0,0.4910750322871738
day_2048,0,0,0.3843298140499327
day_2048,0,0,0.34273483521408504
day_2048,0,0,0.242709213660823
day_2048,0,0,0.34833402186632156
day_2048,0,0,0.33890584773487514
day_2048,0,0,0.4068809184763167
day_2048,0,0,0.3091084245178435
day_2048,0,0,0.6419075595008003
day_2048,0,0,0.1983056598239475
day_2048,0,0,0.44408631324768066
day_2048,0,0,0.48318255609936184
day_2048,0,0,0.44126908977826435
day_2048,0,0,0.2791828335159355
day_2048,0,0,0.3791158033741845
day_2048,0,0,0.387824641333686
day_2048,0,0,0.3468640645345052
day_2048,0,0,0.6070348587301042
day_2048,0,0,0.6647392445140414
day_2048,0,0,0.5480970309840308
day_2048,0,0,0.35469871428277755
day_2048,0,0,0.4144942793581221
day_2048,0,0,0.31391385197639465
day_2048,0,0,0.38697218232684666
day_2048,0,0,0.294892269704077
day_2048,0,0,0.5229824682076772
day_2048,0,0,0.35230891240967643
day_2048,0,0,0.653960665067037
day_2048,0,0,0.290902531809277
day_2048,0,0,0.3702809313933055
day_2048,0,0,0.5602503617604574
day_2048,0,0,0.7659834755791558
day_2048,0,0,0.47362710535526276
day_2048,0,0,0.47243064145247143
day_2048,0,0,0.6248812973499298
day_2048,0,0,0.736837261252933
day_2048,0,0,0.6648455792003207
day_2048,0,0,0.5637061529689364
day_2048,0,0,0.32688489970233703
day_2048,0,0,0.26465703464216656
day_2048,0,0,0.3994416230254703
day_2048,0,0,0.5888252523210313
day_2048,0,0,0.4071521759033203
day_2048,0,0,0.5391545229487948
day_2048,0,0,0.5514050258530511
day_2048,0,0,0.17424037183324495
day_2048,0,0,0.32269368900193107
day_2048,0,0,0.2994144558906555
day_2048,0,0,0.465378870566686
day_2048,0,0,0.5011819303035736
day_2048,0,0,0.3593978567255868
day_2048,0,0,0.8208327293395996
day_2048,0,0,0.33983392516771954
day_2048,0,0,0.6926078067885505
day_2048,0,0,0.3629799717002445
day_2048,0,0,0.3860016100936466
day_2048,0,0,0.37077779405646855
day_2048,0,0,0.5917180180549622
day_2048,0,0,0.4494565493530697
day_2048,0,0,0.4259092112382253
day_2048,0,0,0.3199194802178277
day_2048,0,0,0.157997351553705
day_2048,0,0,0.4471468428770701
day_2048,0,0,0.37222929464446175
day_2048,0,0,0.6227727797296312
day_2048,0,0,0.23456351790163252
day_2048,0,0,0.2989258931742774
day_2048,0,0,0.34780864583121407
day_2048,0,0,0.15844373322195476
day_2048,0,0,0.8848981989754571
day_2048,0,0,0.32688489970233703
day_2048,0,0,0.27039049234655166
day_2048,0,0,0.2984849628474977
day_2048,0,0,0.4839285943243239
day_2048,0,0,0.354577350947592
day_2048,0,0,0.4169549246629079
day_2048,0,0,0.14956186297867033
day_2048,0,0,0.2719476670026779
day_2048,0,0,0.20512542128562927
day_2048,0,0,0.41205676396687824
day_2048,0,0,0.5997305976019965
day_2048,0,0,0.37302328480614555
day_2048,0,0,0.19350453466176987
day_2048,0,0,0.5213009946876102
day_2048,0,0,0.28059858249293435
day_2048,0,0,0.422134593129158
day_2048,0,0,0.21425071524249184
day_2048,0,0,0.28919173777103424
day_2048,0,0,0.3037061029010349
day_2048,0,0,0.2621784541341994
day_2048,0,0,0.14956186297867033
day_2048,0,0,0.7259321378337013
day_2048,0,0,0.17349587049749163
day_2048,0,0,0.3235803676976098
day_2048,0,0,0.22057505945364633
day_2048,0,0,0.8029776215553284
day_2048,0,0,0.4578810930252075
day_2048,0,0,0.4112488362524245
day_2048,0,0,0.15927615016698837
day_2048,0,0,0.5997305976019965
day_2048,0,0,0.5542637209097544
day_2048,0,0,0.4955872661537594
day_2048,0,0,0.502359194888009
day_2048,0,0,0.7230102486080594
day_2048,0,0,0.32235077685779995
day_2048,0,0,0.3978004621134864
day_2048,0,0,0.2858399781915877
day_2048,0,0,0.3803473661343257
day_2048,0,0,0.27992746399508583
day_2048,0,0,0.13433618967731795
day_2048,0,0,0.13433618967731795
day_2048,0,0,0.13433618967731795
day_2048,0,0,0.20310340821743011
day_2048,0,0,0.2215145097838508
day_2048,0,0,0.16633859442340004
day_2048,0,0,0.13433618967731795
day_2048,0,0,0.45946378840340507
day_2048,0,0,0.45946378840340507
day_2048,0,0,0.4041841924190521
day_2048,0,0,0.13433618967731795
day_2048,0,0,0.45946378840340507
day_2048,0,0,0.13433618967731795
day_2048,0,0,0.13433618967731795
day_2048,0,0,0.23568340639273325
day_2048,0,0,0.13433618967731795
day_2048,0,0,0.181097069548236
day_2048,0,0,0.3455793592664931
day_2048,0,0,0.5836723148822784
day_2048,0,0,0.13433618967731795
day_2048,0,0,0.13433618967731795
day_2048,0,0,0.13433618967731795
day_2048,0,0,0.13433618967731795
day_2048,0,0,0.13433618967731795
day_2048,0,0,0.13433618967731795
day_2048,0,0,0.4556283437543445
day_2048,0,0,0.13433618967731795
day_2048,0,0,0.13433618967731795
day_2048,0,0,0.13433618967731795
day_2048,0,0,0.3170432365602917
day_2048,0,0,0.13433618967731795
day_2048,0,0,0.26031629410054946
day_2048,0,0,0.2778899785545137
day_2048,0,0,0.5758067435688443
day_2048,0,0,0.29039499825901455
day_2048,0,0,0.2111053458518452
day_2048,0,0,0.13220492005348206
day_2048,0,0,0.3314515170123842
day_2048,0,0,0.42317132155100506
day_2048,0,0,0.6188081436687045
day_2048,0,0,0.29621677928500706
day_2048,0,0,0.37174977527724373
day_2048,0,0,0.5929189324378967
day_2048,0,0,0.31201981173621285
day_2048,0,0,0.5040761199262407
day_2048,0,0,0.3763000816106796
day_2048,0,0,0.47816423575083417
day_2048,0,0,0.7180799709426032
day_2048,0,0,0.4803837537765503
day_2048,0,0,0.6013338565826416
day_2048,0,0,0.4306142959329817
day_2048,0,0,0.49374865657753414
day_2048,0,0,0.15879850627647507
day_2048,0,0,0.28445887565612793
day_2048,0,0,0.48662399583392674
day_2048,0,0,0.32276129722595215
day_2048,0,0,0.43938785791397095
day_2048,0,0,0.312686993016137
day_2048,0,0,0.2896426286962297
day_2048,0,0,0.6013338565826416
day_2048,0,0,0.49441158440377975
day_2048,0,0,0.4537193377812703
day_2048,0,0,0.37091341945860123
day_2048,0,0,0.41689956188201904
day_2048,0,0,0.5501773787869347
day_2048,0,0,0.2574371298154195
day_2048,0,0,0.6188081436687045
day_2048,0,0,0.26210733089182114
day_2048,0,0,0.5087470809618632
day_2048,0,0,0.3763000816106796
day_2048,0,0,0.42317132155100506
day_2048,0,0,0.7675732109281752
day_2048,0,0,0.8524517483181424
day_2048,0,0,0.14642103761434555
day_2048,0,0,0.6010709901650747
day_2048,0,0,0.5430718229876624
day_2048,0,0,0.5483441948890686
day_2048,0,0,0.6114301549063789
day_2048,0,0,0.4615611135959625
day_2048,0,0,0.14642103761434555
day_2048,0,0,0.2662038720316357
day_2048,0,0,0.14642103761434555
day_2048,0,0,0.5756295356485579
day_2048,0,0,0.4921272065904405
day_2048,0,0,0.2807234227657318
day_2048,0,0,0.38819896512561375
day_2048,0,0,0.7136989302105374
day_2048,0,0,0.6050295001930661
day_2048,0,0,0.4191906319724189
day_2048,0,0,0.3119241562154558
day_2048,0,0,0.34844302965535057
day_2048,0,0,0.7195140719413757
day_2048,0,0,0.4263520969284905
day_2048,0,0,0.2811947051021788
day_2048,0,0,0.5161103506882986
day_2048,0,0,0.7512020203802321
day_2048,0,0,0.47676647040579057
day_2048,0,0,0.31700445380475784
day_2048,0,0,0.5735854076014625
day_2048,0,0,0.6471984386444092
day_2048,0,0,0.14642103761434555
day_2048,0,0,0.2433163887924618
day_2048,0,0,0.5900476376215616
day_2048,0,0,0.16694172554545933
day_2048,0,0,0.14642103761434555
day_2048,0,0,0.4478251304891374
day_2048,0,0,0.14367001586490208
day_2048,0,0,0.6503867109616598
day_2048,0,0,0.3801967336071862
day_2048,0,0,0.5873087677690718
day_2048,0,0,0.1659281642900573
day_2048,0,0,0.42797162963284385
day_2048,0,0,0.15632176316446728
day_2048,0,0,0.5611845950285593
day_2048,0,0,0.2289251403676139
day_2048,0,0,0.4174056781662835
day_2048,0,0,0.26123105320665574
day_2048,0,0,0.6058755881256528
day_2048,0,0,0.3823411497804854
day_2048,0,0,0.45375250776608783
day_2048,0,0,0.5624286598629422
day_2048,0,0,0.8106593357192146
day_2048,0,0,0.23521159920427534
day_2048,0,0,0.4311280912823147
day_2048,0,0,0.1611341585715612
day_2048,0,0,0.4993131226963467
day_2048,0,0,0.3996467325422499
day_2048,0,0,0.3043514672252867
day_2048,0,0,0.28394833041561973
day_2048,0,0,0.25990712145964306
day_2048,0,0,0.16393310079971948
day_2048,0,0,0.2198435531722175
day_2048,0,0,0.23181975384553274
day_2048,0,0,0.372562395201789
day_2048,0,0,0.2357049369149738
day_2048,0,0,0.22356794940100777
day_2048,0,0,0.47415107323063743
day_2048,0,0,0.3126375824213028
day_2048,0,0,0.3370216215650241
day_2048,0,0,0.43578847249348956
day_2048,0,0,0.4182494845655229
day_2048,0,0,0.2165125161409378
day_2048,0,0,0.5033158676491843
day_2048,0,0,0.550902439488305
day_2048,0,0,0.617666118674808
day_2048,0,0,0.23110200299157035
day_2048,0,0,0.22356794940100777
day_2048,0,0,0.3500094711780548
day_2048,0,0,0.3196707202328576
day_2048,0,0,0.4055933985445235
day_2048,0,0,0.2333256271150377
day_2048,0,0,0.8534311122364469
day_2048,0,0,0.5889737771617042
day_2048,0,0,0.4872431655724843
day_2048,0,0,0.7279907200071547
day_2048,0,0,0.5661487380663554
day_2048,0,0,0.3841240339808994
day_2048,0,0,0.38488172160254586
day_2048,0,0,0.6208218965265486
day_2048,0,0,0.6764591667387221
day_2048,0,0,0.1716738815108935
day_2048,0,0,0.5238631334569719
day_2048,0,0,0.4417537318335639
day_2048,0,0,0.8271326753828261
day_2048,0,0,0.4245455066363017
day_2048,0,0,0.5033945871724023
day_2048,0,0,0.8534311122364469
day_2048,0,0,0.7279907200071547
day_2048,0,0,0.22236544556087917
day_2048,0,0,0.26929906672901577
day_2048,0,0,0.39562717576821643
day_2048,0,0,0.16251219105389383
day_2048,0,0,0.25024323993259007
day_2048,0,0,0.48986462752024335
day_2048,0,0,0.20544318192534977
day_2048,0,0,0.40799494253264534
day_2048,0,0,0.14722168114450243
day_2048,0,0,0.5037264426549276
day_2048,0,0,0.40799494253264534
day_2048,0,0,0.278833978705936
day_2048,0,0,0.39022867878278095
day_2048,0,0,0.15175216727786595
day_2048,0,0,0.5889737771617042
day_2048,0,0,0.47923952009942794
day_2048,0,0,0.14807457476854324
day_2048,0,0,0.20551765792899662
day_2048,0,0,0.16311242431402206
day_2048,0,0,0.18217763718631533
day_2048,0,0,0.4054262505637275
day_2048,0,0,0.37504815724160934
day_2048,0,0,0.15582848009135988
day_2048,0,0,0.1495644905500942
day_2048,0,0,0.534580926100413
day_2048,0,0,0.3959193809164895
day_2048,0,0,0.19470702277289498
day_2048,0,0,0.24259269651439455
day_2048,0,0,0.19470702277289498
day_2048,0,0,0.5060139298439026
day_2048,0,0,0.378422602183289
day_2048,0,0,0.16865583840343687
day_2048,0,0,0.20551765792899662
day_2048,0,0,0.19507722639375263
day_2048,0,0,0.1716015628642506
day_2048,0,0,0.17941967729065153
day_2048,0,0,0.14785120222303602
day_2048,0,0,0.4039752317799462
day_2048,0,0,0.34806956185234916
day_2048,0,0,0.5973464714156257
day_2048,0,0,0.14928145044379765
day_2048,0,0,0.5107123653093973
day_2048,0,0,0.19209586828947067
day_2048,0,0,0.4054262505637275
day_2048,0,0,0.23820622348123127
day_2048,0,0,0.42045717272493577
day_2048,0,0,0.5315912663936615
day_2048,0,0,0.17257981995741525
day_2048,0,0,0.18217763718631533
day_2048,0,0,0.19907160268889534
day_2048,0,0,0.3184876326057646
day_2048,0,0,0.2161266166302893
day_2048,0,0,0.19209586828947067
day_2048,0,0,0.5375366475847032
day_2048,0,0,0.2187108745177587
day_2048,0,0,0.3995899558067322
day_2048,0,0,0.38192516068617505
day_2048,0,0,0.46460063921080696
day_2048,0,0,0.629476805528005
day_2048,0,0,0.4077545570002662
day_2048,0,0,0.3947783377435472
day_2048,0,0,0.260575544503
day_2048,0,0,0.5352847476800283
day_2048,0,0,0.25483956270747715
day_2048,0,0,0.47578251858552295
day_2048,0,0,0.43466512693299186
day_2048,0,0,0.4608813424905141
day_2048,0,0,0.26604144937462276
day_2048,0,0,0.406452003452513
day_2048,0,0,0.33527562850051457
day_2048,0,0,0.4640246695942349
day_2048,0,0,0.3946824438042111
day_2048,0,0,0.2007971795068847
day_2048,0,0,0.4579683078659905
day_2048,0,0,0.4395195676220788
day_2048,0,0,0.3711708022488488
day_2048,0,0,0.30042125946945614
day_2048,0,0,0.5239628851413727
day_2048,0,0,0.6012656688690186
day_2048,0,0,0.4981641736295488
day_2048,0,0,0.17677202986346352
day_2048,0,0,0.2192709818482399
day_2048,0,0,0.3946824438042111
day_2048,0,0,0.43127213584052193
day_2048,0,0,0.33936725225713515
day_2048,0,0,0.402799086438285
day_2048,0,0,0.3634646534919739
day_2048,0,0,0.527775345577134
day_2048,0,0,0.5121472146775987
day_2048,0,0,0.459319101439582
day_2048,0,0,0.32423214614391327
day_2048,0,0,0.16688891417450374
day_2048,0,0,0.2758605000045564
day_2048,0,0,0.6291805836889479
day_2048,0,0,0.37623824344740975
day_2048,0,0,0.6896172099643283
day_2048,0,0,0.31106424662801957
day_2048,0,0,0.2710729075802697
day_2048,0,0,0.3563984077837732
day_2048,0,0,0.3915390107366774
day_2048,0,0,0.20234457113676602
day_2048,0,0,0.7229548494021097
day_2048,0,0,0.23257341318660313
day_2048,0,0,0.5571405556466844
day_2048,0,0,0.19453494416342842
day_2048,0,0,0.23771536515818703
day_2048,0,0,0.5234819418854184
day_2048,0,0,0.43594809042082894
day_2048,0,0,0.4857802424165938
day_2048,0,0,0.2925070888466305
day_2048,0,0,0.399258381790585
day_2048,0,0,0.6396098136901855
day_2048,0,0,0.5446133944723341
day_2048,0,0,0.24499465607934529
day_2048,0,0,0.21724841247002283
day_2048,0,0,0.42216623491711086
day_2048,0,0,0.49738139907519024
day_2048,0,0,0.6143466134866079
day_2048,0,0,0.23559458139869902
day_2048,0,0,0.16433307611280018
day_2048,0,0,0.20953704913457236
day_2048,0,0,0.15769660969575247
day_2048,0,0,0.47540923953056335
day_2048,0,0,0.38813886377546525
day_2048,0,0,0.28738760617044234
day_2048,0,0,0.29429564707809025
day_2048,0,0,0.4461343718899621
day_2048,0,0,0.6416357027159797
day_2048,0,0,0.18176652739445368
day_2048,0,0,0.4922249846988254
day_2048,0,0,0.27953531013594735
day_2048,0,0,0.44271209173732334
day_2048,0,0,0.5596602095497979
day_2048,0,0,0.3285617795255449
day_2048,0,0,0.43066320485538906
day_2048,0,0,0.29420775340663063
day_2048,0,0,0.5481553574403127
day_2048,0,0,0.40412110421392655
day_2048,0,0,0.6386963923772176
day_2048,0,0,0.3597477161222034
day_2048,0,0,0.1233039539721277
day_2048,0,0,0.6425247887770335
day_2048,0,0,0.4168182346555922
day_2048,0,0,0.6986648506588407
day_2048,0,0,0.5236039227909512
day_2048,0,0,0.16273955090178382
day_2048,0,0,0.23020566834343803
day_2048,0,0,0.627819213602278
day_2048,0,0,0.2176878915892707
day_2048,0,0,0.22759217354986402
day_2048,0,0,0.6724315087000529
day_2048,0,0,0.7346250613530477
day_2048,0,0,0.4327550133069356
day_2048,0,0,0.2931246939632628
day_2048,0,0,0.36675824721654254
day_2048,0,0,0.3815679086579217
day_2048,0,0,0.5767761866251627
day_2048,0,0,0.19743814898861778
day_2048,0,0,0.6690930326779684
day_2048,0,0,0.3819120509756936
day_2048,0,0,0.25213593741257984
day_2048,0,0,0.4838189317120446
day_2048,0,0,0.5464687248071035
day_2048,0,0,0.5029186374611325
day_2048,0,0,0.4282945394515991
day_2048,0,0,0.6296282807985941
day_2048,0,0,0.4022183484501309
day_2048,0,0,0.39808853301737046
day_2048,0,0,0.4195171561506059
day_2048,0,0,0.2093613309164842
day_2048,0,0,0.15334542509582308
day_2048,0,0,0.3886399782366223
day_2048,0,0,0.2623537712626987
day_2048,0,0,0.45443933539920384
day_2048,0,0,0.3182321670982573
day_2048,0,0,0.47436102231343585
day_2048,0,0,0.4043819043371413
day_2048,0,0,0.8319342533747355
day_2048,0,0,0.541865908437305
day_2048,0,0,0.2524007277356254
day_2048,0,0,0.6384739047951169
day_2048,0,0,0.35708473291662
day_2048,0,0,0.4385996891392602
day_2048,0,0,0.5524675283167098
day_2048,0,0,0.6060704953140683
day_2048,0,0,0.2867891556686825
day_2048,0,0,0.7080642051166959
day_2048,0,0,0.4250001013278961
day_2048,0,0,0.44213858909077114
day_2048,0,0,0.1651308553086387
day_2048,0,0,0.34399999843703377
day_2048,0,0,0.5051534738805559
day_2048,0,0,0.4054202867878808
day_2048,0,0,0.23807883097065818
day_2048,0,0,0.21437332241071594
day_2048,0,0,0.156330696410603
day_2048,0,0,0.48942847218778396
day_2048,0,0,0.28538696385092205
day_2048,0,0,0.8462306989563836
day_2048,0,0,0.19079278409481049
day_2048,0,0,0.5377832982275221
day_2048,0,0,0.3860378894540999
day_2048,0,0,0.3860378894540999
day_2048,0,0,0.3860378894540999
day_2048,0,0,0.5260322954919603
day_2048,0,0,0.7927642464637756
day_2048,0,0,0.3860378894540999
day_2048,0,0,0.3860378894540999
day_2048,0,0,0.3860378894540999
day_2048,0,0,0.3860378894540999
day_2048,0,0,0.3860378894540999
day_2048,0,0,0.3860378894540999
day_2048,0,0,0.3860378894540999
day_2048,0,0,0.3860378894540999
day_2048,0,0,0.3860378894540999
day_2048,0,0,0.3860378894540999
day_2048,0,0,0.3860378894540999
day_2048,0,0,0.5260322954919603
day_2048,0,0,0.3860378894540999
day_2048,0,0,0.3860378894540999
day_2048,0,0,0.3860378894540999
day_2048,0,0,0.3860378894540999
day_2048,0,0,0.3860378894540999
day_2048,0,0,0.3860378894540999
day_2048,0,0,0.3860378894540999
day_2048,0,0,0.5259302887651656
day_2048,0,0,0.3860378894540999
day_2048,0,0,0.3860378894540999
day_2048,0,0,0.3860378894540999
day_2048,0,0,0.3860378894540999
day_2048,0,0,0.5849976572725508
day_2048,0,0,0.3860378894540999
day_2048,0,0,0.3860378894540999
day_2048,0,0,0.38661835590998334
day_2048,0,0,0.3860378894540999
day_2048,0,0,0.3860378894540999
day_2048,0,0,0.3860378894540999
day_2048,0,0,0.3860378894540999
day_2048,0,0,0.12148059821791118
day_2048,0,0,0.2226856913831499
day_2048,0,0,0.6054498255252838
day_2048,0,0,0.5862028102080027
day_2048,0,0,0.24411091208457947
day_2048,0,0,0.09478544733590549
day_2048,0,0,0.4989488257302178
day_2048,0,0,0.5763968659771813
day_2048,0,0,0.1033619489106867
day_2048,0,0,0.24730771448877123
day_2048,0,0,0.454058438539505
day_2048,0,0,0.11839434918430117
day_2048,0,0,0.4149608347151015
day_2048,0,0,0.298509602745374
day_2048,0,0,0.2510317265987396
day_2048,0,0,0.14038506978087956
day_2048,0,0,0.7102923062112596
day_2048,0,0,0.20967169188790852
day_2048,0,0,0.4165663785404629
day_2048,0,0,0.46125247412257725
day_2048,0,0,0.28860530919498867
day_2048,0,0,0.36256762014495003
day_2048,0,0,0.41508558723661637
day_2048,0,0,0.6308702627817789
day_2048,0,0,0.7793942607111402
day_2048,0,0,0.49645358986324734
day_2048,0,0,0.41890426807933384
day_2048,0,0,0.45996833841005963
day_2048,0,0,0.5642069578170776
day_2048,0,0,0.6312289701567756
day_2048,0,0,0.20517739239666197
day_2048,0,0,0.6207411852147844
day_2048,0,0,0.33458100259304047
day_2048,0,0,0.17805525329377916
day_2048,0,0,0.6811478502220578
day_2048,0,0,0.09472249738044208
day_2048,0,0,0.34304601781898075
day_2048,0,0,0.4161974887053172
day_2048,0,0,0.10358002947436439
day_2048,0,0,0.4928310927417543
day_2048,0,0,0.08622306171390745
day_2048,0,0,0.2562380764219496
day_2048,0,0,0.5163276493549347
day_2048,0,0,0.372103676199913
day_2048,0,0,0.2684701813591851
day_2048,0,0,0.29700467735528946
day_2048,0,0,0.5026429096857706
day_2048,0,0,0.10699560700191392
day_2048,0,0,0.605104022555881
day_2048,0,0,0.2077835256026851
day_2048,0,0,0.3328588191005919
day_2048,0,0,0.7229301267200046
day_2048,0,0,0.5180765357282426
day_2048,0,0,0.1864159752925237
day_2048,0,0,0.25193922304444843
day_2048,0,0,0.4823748800489638
day_2048,0,0,0.19893940952089098
day_2048,0,0,0.5854705837037828
day_2048,0,0,0.5083779791990916
day_2048,0,0,0.09764191011587779
day_2048,0,0,0.14998058726390204
day_2048,0,0,0.7071413464016385
day_2048,0,0,0.19189794858296713
day_2048,0,0,0.5213871134652032
day_2048,0,0,0.6005951265494028
day_2048,0,0,0.2216445571846432
day_2048,0,0,0.23858632726801765
day_2048,0,0,0.4183042546113332
day_2048,0,0,0.1074463100069099
day_2048,0,0,0.5213871134652032
day_2048,0,0,0.5302237305376265
day_2048,0,0,0.11296546873119143
day_2048,0,0,0.21914884779188368
day_2048,0,0,0.44235627187622917
day_2048,0,0,0.5412385745180978
day_2048,0,0,0.09009766206145287
day_2048,0,0,0.0707339354687267
day_2048,0,0,0.39459731347031063
day_2048,0,0,0.07501619909372595
day_2048,0,0,0.08381101799507935
day_2048,0,0,0.3906393026312192
day_2048,0,0,0.08420689321226543
day_2048,0,0,0.5044203731748793
day_2048,0,0,0.13666647382908398
day_2048,0,0,0.3581555187702179
day_2048,0,0,0.300742925869094
day_2048,0,0,0.08288406228853597
day_2048,0,0,0.4426823953787486
day_2048,0,0,0.08878037643929322
day_2048,0,0,0.11146717559960154
day_2048,0,0,0.1573730500208007
day_2048,0,0,0.12815868275033104
day_2048,0,0,0.6092923084894816
day_2048,0,0,0.43970201909542084
day_2048,0,0,0.1435414378841718
day_2048,0,0,0.08722572732302877
day_2048,0,0,0.0722324690885014
day_2048,0,0,0.22913646904958618
day_2048,0,0,0.08261840893990463
day_2048,0,0,0.3581555187702179
day_2048,0,0,0.07438700853122605
day_2048,0,0,0.11138687365584904
day_2048,0,0,0.11146717559960154
day_2048,0,0,0.10855610585874981
day_2048,0,0,0.15304752315084139
day_2048,0,0,0.10336195574038559
day_2048,0,0,0.07954532591005166
day_2048,0,0,0.12285399478342798
day_2048,0,0,0.6505965921613905
day_2048,0,0,0.3828528556558821
day_2048,0,0,0.5386051171355777
day_2048,0,0,0.6238163428174125
day_2048,0,0,0.6868020362324185
day_2048,0,0,0.7962003946304321
day_2048,0,0,0.406519106692738
day_2048,0,0,0.2599826289547814
day_2048,0,0,0.16260952833626005
day_2048,0,0,0.5274685753716363
day_2048,0,0,0.16260952833626005
day_2048,0,0,0.2402065098285675
day_2048,0,0,0.32099106245570713
day_2048,0,0,0.1810285829835468
day_2048,0,0,0.25099292894204456
day_2048,0,0,0.2553669859965642
day_2048,0,0,0.16260952833626005
day_2048,0,0,0.38916698263751137
day_2048,0,0,0.5861525105105506
day_2048,0,0,0.28134554127852124
day_2048,0,0,0.19616241256395975
day_2048,0,0,0.18222023049990335
day_2048,0,0,0.47511161035961574
day_2048,0,0,0.5478625926706526
day_2048,0,0,0.34802911182244617
day_2048,0,0,0.7052366203731961
day_2048,0,0,0.21152771678235796
day_2048,0,0,0.6548163758383857
day_2048,0,0,0.32445065346029067
day_2048,0,0,0.3590465999311871
day_2048,0,0,0.17611874639987946
day_2048,0,0,0.1810285829835468
day_2048,0,0,0.42723070250617134
day_2048,0,0,0.29115162293116253
day_2048,0,0,0.4566545850700802
day_2048,0,0,0.2137115788128641
day_2048,0,0,0.3734140776925617
day_2048,0,0,0.3097371856371562
day_2048,0,0,0.6591375205251906
day_2048,0,0,0.3623934288819631
day_2048,0,0,0.632583843337165
day_2048,0,0,0.3283095475700166
day_2048,0,0,0.2891470582948791
day_2048,0,0,0.5839183330535889
day_2048,0,0,0.2578068557712767
day_2048,0,0,0.29876745575004154
day_2048,0,0,0.3013634524411625
day_2048,0,0,0.3170977466636234
day_2048,0,0,0.5068279206752777
day_2048,0,0,0.18033354977766672
day_2048,0,0,0.5068279206752777
day_2048,0,0,0.4105093909634484
day_2048,0,0,0.40290651387638515
day_2048,0,0,0.14419676032331255
day_2048,0,0,0.3635869274536769
day_2048,0,0,0.2383409341176351
day_2048,0,0,0.29770296646489036
day_2048,0,0,0.5882629685931735
day_2048,0,0,0.21532195972071755
day_2048,0,0,0.29978258079952663
day_2048,0,0,0.41201187504662407
day_2048,0,0,0.334436919954088
day_2048,0,0,0.4529128140873379
day_2048,0,0,0.4458717505137126
day_2048,0,0,0.372616257932451
day_2048,0,0,0.3787396318382687
day_2048,0,0,0.45593705111079746
day_2048,0,0,0.40695836146672565
day_2048,0,0,0.25345346497164833
day_2048,0,0,0.5359708203209771
day_2048,0,0,0.44279688265588546
day_2048,0,0,0.5500398278236389
day_2048,0,0,0.4418802327579922
day_2048,0,0,0.1529586199257109
day_2048,0,0,0.2660778413216273
day_2048,0,0,0.29770296646489036
day_2048,0,0,0.26338547385401195
day_2048,0,0,0.3351198650068707
day_2048,0,0,0.32137545612123275
day_2048,0,0,0.2007494651608997
day_2048,0,0,0.5087649259302351
day_2048,0,0,0.5033588343196445
day_2048,0,0,0.2727585815721088
day_2048,0,0,0.11877683094806141
day_2048,0,0,0.39280906981892055
day_2048,0,0,0.19433701700634426
day_2048,0,0,0.29229190117783016
day_2048,0,0,0.4759408169322544
day_2048,0,0,0.48119648297627765
day_2048,0,0,0.5486802260080973
day_2048,0,0,0.3351198650068707
day_2048,0,0,0.6631050374772813
day_2048,0,0,0.41863610843817395
day_2048,0,0,0.08956498983833525
day_2048,0,0,0.4018857181072235
day_2048,0,0,0.48119648297627765
day_2048,0,0,0.2972954014937083
day_2048,0,0,0.28656142122215694
day_2048,0,0,0.2276245504617691
day_2048,0,0,0.13451005849573347
day_2048,0,0,0.5733180708355374
day_2048,0,0,0.6631050374772813
day_2048,0,0,0.19804995424217647
day_2048,0,0,0.24784088714255226
day_2048,0,0,0.3549754172563553
day_2048,0,0,0.08479642950826222
day_2048,0,0,0.10173811225427522
day_2048,0,0,0.5924136837323507
day_2048,0,0,0.2999018645948834
day_2048,0,0,0.3463861379358504
day_2048,0,0,0.18262582768996558
day_2048,0,0,0.25344059781895745
day_2048,0,0,0.17398879925409952
day_2048,0,0,0.13010477564401096
day_2048,0,0,0.31927333937750924
day_2048,0,0,0.6039847168657515
day_2048,0,0,0.40073445108201766
day_2048,0,0,0.2643655174308353
day_2048,0,0,0.21682945473326576
day_2048,0,0,0.2893827259540558
day_2048,0,0,0.649694820245107
day_2048,0,0,0.1778519774476687
day_2048,0,0,0.22979637483755747
day_2048,0,0,0.23956001963880327
day_2048,0,0,0.8178502453698052
day_2048,0,0,0.37877369506491554
day_2048,0,0,0.6337061921755472
day_2048,0,0,0.21259124245908526
day_2048,0,0,0.5013201534748077
day_2048,0,0,0.22791768279340532
day_2048,0,0,0.1813263479206297
day_2048,0,0,0.5663648082150353
day_2048,0,0,0.2202964797616005
day_2048,0,0,0.4599069092008803
day_2048,0,0,0.46382321914037067
day_2048,0,0,0.25544603334532845
day_2048,0,0,0.3030867295132743
day_2048,0,0,0.5996659033828311
day_2048,0,0,0.3053574446174834
day_2048,0,0,0.21696969701184166
day_2048,0,0,0.28378957509994507
day_2048,0,0,0.5169883403513167
day_2048,0,0,0.43514252371258205
day_2048,0,0,0.4743274284733666
day_2048,0,0,0.48949023087819415
day_2048,0,0,0.6949159966574775
day_2048,0,0,0.7942065066761441
day_2048,0,0,0.4298628667990367
day_2048,0,0,0.2789106633928087
day_2048,0,0,0.2431019577715132
day_2048,0,0,0.1778519774476687
day_2048,0,0,0.31986356774965924
day_2048,0,0,0.6246459517214034
day_2048,0,0,0.3366675211323632
day_2048,0,0,0.6088968945874108
day_2048,0,0,0.3646935572226842
day_2048,0,0,0.6540490720007155
day_2048,0,0,0.3931645883454217
day_2048,0,0,0.12668076695667374
day_2048,0,0,0.36343347364001805
day_2048,0,0,0.35445074405935073
day_2048,0,0,0.10915727727115154
day_2048,0,0,0.3623465680413776
day_2048,0,0,0.5165113624599245
day_2048,0,0,0.12668076695667374
day_2048,0,0,0.10396779618329471
day_2048,0,0,0.4931047161420186
day_2048,0,0,0.2077606800529692
day_2048,0,0,0.2886800666650136
day_2048,0,0,0.15805337660842472
day_2048,0,0,0.08893506704933113
day_2048,0,0,0.12304198493560155
day_2048,0,0,0.5280436476071676
day_2048,0,0,0.3389447447326448
day_2048,0,0,0.6146120561493768
day_2048,0,0,0.3239337056875229
day_2048,0,0,0.20368479523393843
day_2048,0,0,0.5633525053660074
day_2048,0,0,0.25207097331682843
day_2048,0,0,0.18905835847059885
day_2048,0,0,0.2614631603161494
day_2048,0,0,0.5851714147461785
day_2048,0,0,0.4296085304684109
day_2048,0,0,0.3555172880490621
day_2048,0,0,0.3646935572226842
day_2048,0,0,0.7751823796166314
day_2048,0,0,0.12684699706733227
day_2048,0,0,0.4424878391954634
day_2048,0,0,0.4356204370657603
day_2048,0,0,0.7004974517557356
day_2048,0,0,0.10161206912663248
day_2048,0,0,0.10161206912663248
day_2048,0,0,0.6903536319732666
day_2048,0,0,0.24810469647248587
day_2048,0,0,0.4963000946574741
day_2048,0,0,0.4865943623913659
day_2048,0,0,0.7710250417391459
day_2048,0,0,0.5026925106843313
day_2048,0,0,0.3698883371220695
day_2048,0,0,0.34966445797019535
day_2048,0,0,0.425200406048033
day_2048,0,0,0.5197311076853011
day_2048,0,0,0.5142155256536272
day_2048,0,0,0.6240054302745395
day_2048,0,0,0.5619928075207604
day_2048,0,0,0.3128181993961334
day_2048,0,0,0.6295652488867441
day_2048,0,0,0.2809414996041192
day_2048,0,0,0.5234915481673347
day_2048,0,0,0.5093126528792911
day_2048,0,0,0.563939286602868
day_2048,0,0,0.4986271560192108
day_2048,0,0,0.34178882506158614
day_2048,0,0,0.4163804286056095
day_2048,0,0,0.2056632704204983
day_2048,0,0,0.7251954277356466
day_2048,0,0,0.5995802183945974
day_2048,0,0,0.25775759087668526
day_2048,0,0,0.4251857813861635
day_2048,0,0,0.5580334199799432
day_2048,0,0,0.1824463117453787
day_2048,0,0,0.4388955881198247
day_2048,0,0,0.22460369931326973
day_2048,0,0,0.14630368186367881
day_2048,0,0,0.39270874195628697
day_2048,0,0,0.07981576149662335
day_2048,0,0,0.1024512689974573
day_2048,0,0,0.14969180317388642
day_2048,0,0,0.1044463531838523
day_2048,0,0,0.14436647295951843
day_2048,0,0,0.330997818046146
day_2048,0,0,0.21699467963642544
day_2048,0,0,0.7157948282029893
day_2048,0,0,0.15885904928048453
day_2048,0,0,0.05487991621096929
day_2048,0,0,0.1488549473385016
day_2048,0,0,0.47066744168599445
day_2048,0,0,0.330997818046146
day_2048,0,0,0.12103724479675293
day_2048,0,0,0.05487991621096929
day_2048,0,0,0.06132782105770376
day_2048,0,0,0.05897938687768248
day_2048,0,0,0.1303018062478966
day_2048,0,0,0.09997373653782739
day_2048,0,0,0.14969180317388642
day_2048,0,0,0.10062957555055618
day_2048,0,0,0.12103724479675293
day_2048,0,0,0.05897938687768248
day_2048,0,0,0.07980777323246002
day_2048,0,0,0.0923689351313644
day_2048,0,0,0.09079617137710254
day_2048,0,0,0.11118955165147781
day_2048,0,0,0.09079617137710254
day_2048,0,0,0.14436647295951843
day_2048,0,0,0.1024512689974573
day_2048,0,0,0.47066744168599445
day_2048,0,0,0.6092477374606662
day_2048,0,0,0.32640157971117234
day_2048,0,0,0.05897938687768248
day_2048,0,0,0.09079617137710254
day_2048,0,0,0.32640157971117234
day_2048,0,0,0.1303018062478966
day_2048,0,0,0.3975714412000444
day_2048,0,0,0.2964295165406333
day_2048,0,0,0.7837207317352295
day_2048,0,0,0.40123433205816483
day_2048,0,0,0.23175980316268074
day_2048,0,0,0.2292244036992391
day_2048,0,0,0.3855082508590486
day_2048,0,0,0.37433574100335437
day_2048,0,0,0.5217780371507009
day_2048,0,0,0.5815162261327108
day_2048,0,0,0.4795561167928908
day_2048,0,0,0.2061846653620402
day_2048,0,0,0.11873713218503529
day_2048,0,0,0.39813610249095494
day_2048,0,0,0.11873713218503529
day_2048,0,0,0.45194199681282043
day_2048,0,0,0.5341168079111311
day_2048,0,0,0.3615126543574863
day_2048,0,0,0.31335580183400047
day_2048,0,0,0.6463067928949991
day_2048,0,0,0.5058285858896043
day_2048,0,0,0.402825739648607
day_2048,0,0,0.6763851973745558
day_2048,0,0,0.5341168079111311
day_2048,0,0,0.2897609836525387
day_2048,0,0,0.46092695328924393
day_2048,0,0,0.5207094119654762
day_2048,0,0,0.35310368405448067
day_2048,0,0,0.6763851973745558
day_2048,0,0,0.3841989603307512
day_2048,0,0,0.11873713218503529
day_2048,0,0,0.24830091496308646
day_2048,0,0,0.6343523429499732
day_2048,0,0,0.3615126543574863
day_2048,0,0,0.45981210470199585
day_2048,0,0,0.20521974894735548
day_2048,0,0,0.4664642678366767
day_2048,0,0,0.5343551437060038
day_2048,0,0,0.6071730653444926
day_2048,0,0,0.6101750400331285
day_2048,0,0,0.4489343894852532
day_2048,0,0,0.31253714859485626
day_2048,0,0,0.6195457445250617
day_2048,0,0,0.4290659758779738
day_2048,0,0,0.5665726462999979
day_2048,0,0,0.49209197693400913
day_2048,0,0,0.4363166259394752
day_2048,0,0,0.24018311003843942
day_2048,0,0,0.5732432338926527
day_2048,0,0,0.45513462358050877
day_2048,0,0,0.8177590072154999
day_2048,0,0,0.3100855069028007
day_2048,0,0,0.14436569147639805
day_2048,0,0,0.47883326974180007
day_2048,0,0,0.6671227812767029
day_2048,0,0,0.34591759244600934
day_2048,0,0,0.6388235059049394
day_2048,0,0,0.27471500138441723
day_2048,0,0,0.6706671913464864
day_2048,0,0,0.3451482521163093
day_2048,0,0,0.5906975302431319
day_2048,0,0,0.31253714859485626
day_2048,0,0,0.6924130585458543
day_2048,0,0,0.480291528834237
day_2048,0,0,0.230819970369339
day_2048,0,0,0.33569169375631547
day_2048,0,0,0.2386909160349104
day_2048,0,0,0.4283454136715995
day_2048,0,0,0.5388145330879424
day_2048,0,0,0.6180765794383155
day_2048,0,0,0.11490316937367122
day_2048,0,0,0.48488849732610917
day_2048,0,0,0.246722012758255
day_2048,0,0,0.4406764639748467
day_2048,0,0,0.17135654596818817
day_2048,0,0,0.33080260621176827
day_2048,0,0,0.3387951436969969
day_2048,0,0,0.6101452012856802
day_2048,0,0,0.3256421917014652
day_2048,0,0,0.28888779547479415
day_2048,0,0,0.30955079860157436
day_2048,0,0,0.5642117063204447
day_2048,0,0,0.35752449101871914
day_2048,0,0,0.2122662580675549
day_2048,0,0,0.21533672304617035
day_2048,0,0,0.21015900704595777
day_2048,0,0,0.2001556952794393
day_2048,0,0,0.5456189148955874
day_2048,0,0,0.35426586535241866
day_2048,0,0,0.40578363173537785
day_2048,0,0,0.6218177676200867
day_2048,0,0,0.40579718351364136
day_2048,0,0,0.2661742584572898
day_2048,0,0,0.5472068157460954
day_2048,0,0,0.5062856276830038
day_2048,0,0,0.45598046316040886
day_2048,0,0,0.2659963584608502
day_2048,0,0,0.35752449101871914
day_2048,0,0,0.5107506050003899
day_2048,0,0,0.3137979838583205
day_2048,0,0,0.3529839027259085
day_2048,0,0,0.5327662295765347
day_2048,0,0,0.3677174515194363
day_2048,0,0,0.5882348418235779
day_2048,0,0,0.6020334760348002
day_2048,0,0,0.3116152253415849
day_2048,0,0,0.6722717417611016
day_2048,0,0,0.29640725089444053
day_2048,0,0,0.21015900704595777
day_2048,0,0,0.5472068157460954
day_2048,0,0,0.2327243751949734
day_2048,0,0,0.5491463277075026
day_2048,0,0,0.6512276397811042
day_2048,0,0,0.15453440033727223
day_2048,0,0,0.6443432437049018
day_2048,0,0,0.6340915262699127
day_2048,0,0,0.2467596862051222
day_2048,0,0,0.12012825244002873
day_2048,0,0,0.17106221864620844
day_2048,0,0,0.37229424880610573
day_2048,0,0,0.2988230288028717
day_2048,0,0,0.30977141857147217
day_2048,0,0,0.6228868597083621
day_2048,0,0,0.8004713588290744
day_2048,0,0,0.41601111822658116
day_2048,0,0,0.20270043777094948
day_2048,0,0,0.09451236286097103
day_2048,0,0,0.45856866902775234
day_2048,0,0,0.22296763625409868
day_2048,0,0,0.3503471546702915
day_2048,0,0,0.7241918908225166
day_2048,0,0,0.11822272878554133
day_2048,0,0,0.510250621371799
day_2048,0,0,0.6109641724162631
day_2048,0,0,0.2311723662747277
day_2048,0,0,0.30827536268366706
day_2048,0,0,0.3660515911049313
day_2048,0,0,0.3883032004038493
day_2048,0,0,0.5731425285339355
day_2048,0,0,0.2369805739985572
day_2048,0,0,0.3207811133729087
day_2048,0,0,0.6125821206304762
day_2048,0,0,0.49739805195066666
day_2048,0,0,0.5779597957928976
day_2048,0,0,0.6920889019966125
day_2048,0,0,0.5821311804983351
day_2048,0,0,0.5973365637991164
day_2048,0,0,0.6406404309802585
day_2048,0,0,0.35914066765043473
day_2048,0,0,0.09517301039563285
day_2048,0,0,0.36391523314846885
day_2048,0,0,0.20711331069469452
day_2048,0,0,0.5058374338679843
day_2048,0,0,0.21272525274091297
day_2048,0,0,0.3982887069384257
day_2048,0,0,0.30367329054408604
day_2048,0,0,0.6835863060421414
day_2048,0,0,0.5474286211861504
day_2048,0,0,0.20789631456136703
day_2048,0,0,0.40692821476194596
day_2048,0,0,0.2090427353978157
day_2048,0,0,0.28439487682448494
day_2048,0,0,0.38234438829951817
day_2048,0,0,0.4933815068668789
day_2048,0,0,0.8018782801098294
day_2048,0,0,0.3091047339969211
day_2048,0,0,0.1850295580095715
day_2048,0,0,0.6444211734665765
day_2048,0,0,0.2382365879085329
day_2048,0,0,0.281824024187194
day_2048,0,0,0.584150665336185
day_2048,0,0,0.5019461744361453
day_2048,0,0,0.4009307854705387
day_2048,0,0,0.20789631456136703
day_2048,0,0,0.3974032435152266
day_2048,0,0,0.14332362595531675
day_2048,0,0,0.09517301039563285
day_2048,0,0,0.23923974070284101
day_2048,0,0,0.7375532454914517
day_2048,0,0,0.4050481352541182
day_2048,0,0,0.6912824511528015
day_2048,0,0,0.12821636183394325
day_2048,0,0,0.34018612073527443
day_2048,0,0,0.19743862417009142
day_2048,0,0,0.13812103577786022
day_2048,0,0,0.29482657131221557
day_2048,0,0,0.32052745587295955
day_2048,0,0,0.45367217395040726
day_2048,0,0,0.3260572420226203
day_2048,0,0,0.24305493136247
day_2048,0,0,0.3290438718265957
day_2048,0,0,0.3290438718265957
day_2048,0,0,0.5098597672250536
day_2048,0,0,0.46257355478074813
day_2048,0,0,0.5336525075965457
day_2048,0,0,0.4352385832203759
day_2048,0,0,0.42408035198847455
day_2048,0,0,0.29482657131221557
day_2048,0,0,0.45381539397769505
day_2048,0,0,0.30715902315245736
day_2048,0,0,0.41564903325504726
day_2048,0,0,0.33720158371660447
day_2048,0,0,0.4579572644498613
day_2048,0,0,0.44441605110963184
day_2048,0,0,0.3570785125096639
day_2048,0,0,0.2832958739664819
day_2048,0,0,0.5370139843887753
day_2048,0,0,0.3243665181928211
day_2048,0,0,0.28266249348719913
day_2048,0,0,0.5024998452928331
day_2048,0,0,0.2991979635424084
day_2048,0,0,0.28885413706302643
day_2048,0,0,0.2728274729516771
day_2048,0,0,0.34077558914820355
day_2048,0,0,0.4917281816403071
day_2048,0,0,0.4798765414290958
day_2048,0,0,0.2425509397354391
day_2048,0,0,0.37782930996682906
day_2048,0,0,0.59404989083608
day_2048,0,0,0.1603872999548912
day_2048,0,0,0.32052745587295955
day_2048,0,0,0.6179723905192481
day_2048,1,1,0.45157716671625775
day_2048,1,1,0.7392288910018073
day_2048,1,1,0.1576724938220448
day_2048,1,1,0.6582415699958801
day_2048,1,1,0.6929068432913886
day_2048,1,1,0.45157716671625775
day_2048,1,1,0.6929068432913886
day_2048,1,1,0.6929068432913886
day_2048,1,1,0.45157716671625775
day_2048,1,1,0.3818834258450402
day_2048,1,1,0.45157716671625775
day_2048,1,1,0.3818834258450402
day_2048,1,1,0.7710361546940274
day_2048,1,1,0.45157716671625775
day_2048,1,1,0.3818834258450402
day_2048,1,1,0.6929068432913886
day_2048,1,1,0.6929068432913886
day_2048,1,1,0.45157716671625775
day_2048,1,1,0.1576724938220448
day_2048,1,1,0.45157716671625775
day_2048,1,1,0.6582415699958801
day_2048,1,1,0.6929068432913886
day_2048,1,1,0.7710361546940274
day_2048,1,1,0.6929068432913886
day_2048,1,1,0.1576724938220448
day_2048,1,1,0.3818834258450402
day_2048,1,1,0.6582415699958801
day_2048,1,1,0.6929068432913886
day_2048,1,1,0.7710361546940274
day_2048,1,1,0.3818834258450402
day_2048,1,1,0.6582415699958801
day_2048,1,1,0.7710361546940274
day_2048,1,1,0.7392288910018073
day_2048,1,1,0.7392288910018073
day_2048,1,1,0.1576724938220448
day_2048,1,1,0.7392288910018073
day_2048,1,1,0.6929068432913886
day_2048,1,1,0.9071554740269979
day_2048,1,1,0.9071554740269979
day_2048,1,1,0.9071554740269979
day_2048,1,1,0.9071554740269979
day_2048,1,1,0.9071554740269979
day_2048,1,1,0.8984748125076294
day_2048,1,1,0.9071554740269979
day_2048,1,1,0.9071554740269979
day_2048,1,1,0.9071554740269979
day_2048,1,1,0.8984748125076294
day_2048,1,1,0.9071554740269979
day_2048,1,1,0.9071554740269979
day_2048,1,1,0.8984748125076294
day_2048,1,1,0.8984748125076294
day_2048,1,1,0.8984748125076294
day_2048,1,1,0.8984748125076294
day_2048,1,1,0.9071554740269979
day_2048,1,1,0.8984748125076294
day_2048,1,1,0.8984748125076294
day_2048,1,1,0.9071554740269979
day_2048,1,1,0.8984748125076294
day_2048,1,1,0.9071554740269979
day_2048,1,1,0.9071554740269979
day_2048,1,1,0.8984748125076294
day_2048,1,1,0.9071554740269979
day_2048,1,1,0.8984748125076294
day_2048,1,1,0.9071554740269979
day_2048,1,1,0.9071554740269979
day_2048,1,1,0.8984748125076294
day_2048,1,1,0.8984748125076294
day_2048,1,1,0.8984748125076294
day_2048,1,1,0.9071554740269979
day_2048,1,1,0.9071554740269979
day_2048,1,1,0.9071554740269979
day_2048,1,1,0.8984748125076294
day_2048,1,1,0.8984748125076294
day_2048,1,1,0.9071554740269979
day_2048,1,1,0.595514006084866
day_2048,1,1,0.6929955780506134
day_2048,1,1,0.6929955780506134
day_2048,1,1,0.6745369864834679
day_2048,1,1,0.6929955780506134
day_2048,1,1,0.6745369864834679
day_2048,1,1,0.6745369864834679
day_2048,1,1,0.6599735187159644
day_2048,1,1,0.595514006084866
day_2048,1,1,0.595514006084866
day_2048,1,1,0.595514006084866
day_2048,1,1,0.6745369864834679
day_2048,1,1,0.6745369864834679
day_2048,1,1,0.6599735187159644
day_2048,1,1,0.6599735187159644
day_2048,1,1,0.595514006084866
day_2048,1,1,0.6599735187159644
day_2048,1,1,0.6929955780506134
day_2048,1,1,0.6929955780506134
day_2048,1,1,0.6745369864834679
day_2048,1,1,0.595514006084866
day_2048,1,1,0.595514006084866
day_2048,1,1,0.595514006084866
day_2048,1,1,0.6929955780506134
day_2048,1,1,0.6929955780506134
day_2048,1,1,0.6599735187159644
day_2048,1,1,0.6929955780506134
day_2048,1,1,0.6599735187159644
day_2048,1,1,0.6599735187159644
day_2048,1,1,0.6929955780506134
day_2048,1,1,0.6599735187159644
day_2048,1,1,0.6745369864834679
day_2048,1,1,0.595514006084866
day_2048,1,1,0.6929955780506134
day_2048,1,1,0.6599735187159644
day_2048,1,1,0.6929955780506134
day_2048,1,1,0.6745369864834679
day_2048,1,1,0.7293015519777933
day_2048,1,1,0.7980338931083679
day_2048,1,1,0.7293015519777933
day_2048,1,1,0.8356876505745782
day_2048,1,1,0.8356876505745782
day_2048,1,1,0.8356876505745782
day_2048,1,1,0.7980338931083679
day_2048,1,1,0.7980338931083679
day_2048,1,1,0.7293015519777933
day_2048,1,1,0.7980338931083679
day_2048,1,1,0.8356876505745782
day_2048,1,1,0.8356876505745782
day_2048,1,1,0.7980338931083679
day_2048,1,1,0.8356876505745782
day_2048,1,1,0.7980338931083679
day_2048,1,1,0.8356876505745782
day_2048,1,1,0.7293015519777933
day_2048,1,1,0.7293015519777933
day_2048,1,1,0.8356876505745782
day_2048,1,1,0.8356876505745782
day_2048,1,1,0.8356876505745782
day_2048,1,1,0.8356876505745782
day_2048,1,1,0.8356876505745782
day_2048,1,1,0.7293015519777933
day_2048,1,1,0.8356876505745782
day_2048,1,1,0.7293015519777933
day_2048,1,1,0.7980338931083679
day_2048,1,1,0.7293015519777933
day_2048,1,1,0.7980338931083679
day_2048,1,1,0.7980338931083679
day_2048,1,1,0.7293015519777933
day_2048,1,1,0.8356876505745782
day_2048,1,1,0.8356876505745782
day_2048,1,1,0.7980338931083679
day_2048,1,1,0.7980338931083679
day_2048,1,1,0.7980338931083679
day_2048,1,1,0.7980338931083679
day_2048,1,1,0.4117352631356981
day_2048,1,1,0.4822213119930691
day_2048,1,1,0.4117352631356981
day_2048,1,1,0.7808453175756667
day_2048,1,1,0.8533275193638272
day_2048,1,1,0.4117352631356981
day_2048,1,1,0.5705858767032623
day_2048,1,1,0.4117352631356981
day_2048,1,1,0.7808453175756667
day_2048,1,1,0.8533275193638272
day_2048,1,1,0.4822213119930691
day_2048,1,1,0.7808453175756667
day_2048,1,1,0.7808453175756667
day_2048,1,1,0.8274542093276978
day_2048,1,1,0.4822213119930691
day_2048,1,1,0.5705858767032623
day_2048,1,1,0.4822213119930691
day_2048,1,1,0.8274542093276978
day_2048,1,1,0.8533275193638272
day_2048,1,1,0.4822213119930691
day_2048,1,1,0.8274542093276978
day_2048,1,1,0.8274542093276978
day_2048,1,1,0.8542273508177863
day_2048,1,1,0.4117352631356981
day_2048,1,1,0.8533275193638272
day_2048,1,1,0.5705858767032623
day_2048,1,1,0.8542273508177863
day_2048,1,1,0.8274542093276978
day_2048,1,1,0.8533275193638272
day_2048,1,1,0.7808453175756667
day_2048,1,1,0.7808453175756667
day_2048,1,1,0.8274542093276978
day_2048,1,1,0.4117352631356981
day_2048,1,1,0.8533275193638272
day_2048,1,1,0.4822213119930691
day_2048,1,1,0.8542273508177863
day_2048,1,1,0.8274542093276978
day_2048,1,1,0.9446353647443984
day_2048,1,1,0.9446353647443984
day_2048,1,1,0.9446353647443984
day_2048,1,1,0.9446353647443984
day_2048,1,1,0.9446353647443984
day_2048,1,1,0.9446353647443984
day_2048,1,1,0.9446353647443984
day_2048,1,1,0.9446353647443984
day_2048,1,1,0.9446353647443984
day_2048,1,1,0.9446353647443984
day_2048,1,1,0.9446353647443984
day_2048,1,1,0.9446353647443984
day_2048,1,1,0.9446353647443984
day_2048,1,1,0.9446353647443984
day_2048,1,1,0.9446353647443984
day_2048,1,1,0.9446353647443984
day_2048,1,1,0.9446353647443984
day_2048,1,1,0.9446353647443984
day_2048,1,1,0.9446353647443984
day_2048,1,1,0.9446353647443984
day_2048,1,1,0.9446353647443984
day_2048,1,1,0.9446353647443984
day_2048,1,1,0.9446353647443984
day_2048,1,1,0.9446353647443984
day_2048,1,1,0.9446353647443984
day_2048,1,1,0.9446353647443984
day_2048,1,1,0.9446353647443984
day_2048,1,1,0.9446353647443984
day_2048,1,1,0.9446353647443984
day_2048,1,1,0.9446353647443984
day_2048,1,1,0.9446353647443984
day_2048,1,1,0.9446353647443984
day_2048,1,1,0.9446353647443984
day_2048,1,1,0.9446353647443984
day_2048,1,1,0.9446353647443984
day_2048,1,1,0.9446353647443984
day_2048,1,1,0.9446353647443984
day_2048,1,1,0.6415336065822177
day_2048,1,1,0.6133314536677467
day_2048,1,1,0.7904376520050896
day_2048,1,1,0.7904376520050896
day_2048,1,1,0.6133314536677467
day_2048,1,1,0.9297639462682936
day_2048,1,1,0.6415336065822177
day_2048,1,1,0.9297639462682936
day_2048,1,1,0.9297639462682936
day_2048,1,1,0.6133314536677467
day_2048,1,1,0.6133314536677467
day_2048,1,1,0.7904376520050896
day_2048,1,1,0.6133314536677467
day_2048,1,1,0.6133314536677467
day_2048,1,1,0.7904376520050896
day_2048,1,1,0.7904376520050896
day_2048,1,1,0.6133314536677467
day_2048,1,1,0.9297639462682936
day_2048,1,1,0.6133314536677467
day_2048,1,1,0.9297639462682936
day_2048,1,1,0.9297639462682936
day_2048,1,1,0.9297639462682936
day_2048,1,1,0.9297639462682936
day_2048,1,1,0.9297639462682936
day_2048,1,1,0.7904376520050896
day_2048,1,1,0.6415336065822177
day_2048,1,1,0.6415336065822177
day_2048,1,1,0.9297639462682936
day_2048,1,1,0.9297639462682936
day_2048,1,1,0.6415336065822177
day_2048,1,1,0.6133314536677467
day_2048,1,1,0.6415336065822177
day_2048,1,1,0.6133314536677467
day_2048,1,1,0.7904376520050896
day_2048,1,1,0.9297639462682936
day_2048,1,1,0.7904376520050896
day_2048,1,1,0.6415336065822177
day_2048,1,1,0.8459817899598016
day_2048,1,1,0.5764624807569716
day_2048,1,1,0.48515145315064323
day_2048,1,1,0.969928072558509
day_2048,1,1,0.969928072558509
day_2048,1,1,0.5764624807569716
day_2048,1,1,0.969928072558509
day_2048,1,1,0.48515145315064323
day_2048,1,1,0.969928072558509
day_2048,1,1,0.5764624807569716
day_2048,1,1,0.48515145315064323
day_2048,1,1,0.8459817899598016
day_2048,1,1,0.969928072558509
day_2048,1,1,0.527938574552536
day_2048,1,1,0.969928072558509
day_2048,1,1,0.48515145315064323
day_2048,1,1,0.969928072558509
day_2048,1,1,0.527938574552536
day_2048,1,1,0.8459817899598016
day_2048,1,1,0.48515145315064323
day_2048,1,1,0.969928072558509
day_2048,1,1,0.527938574552536
day_2048,1,1,0.527938574552536
day_2048,1,1,0.527938574552536
day_2048,1,1,0.5764624807569716
day_2048,1,1,0.969928072558509
day_2048,1,1,0.527938574552536
day_2048,1,1,0.5764624807569716
day_2048,1,1,0.969928072558509
day_2048,1,1,0.8459817899598016
day_2048,1,1,0.48515145315064323
day_2048,1,1,0.969928072558509
day_2048,1,1,0.48515145315064323
day_2048,1,1,0.527938574552536
day_2048,1,1,0.8459817899598016
day_2048,1,1,0.527938574552536
day_2048,1,1,0.527938574552536
day_2048,1,1,0.9510471754603915
day_2048,1,1,0.32580995228555465
day_2048,1,1,0.32580995228555465
day_2048,1,1,0.9314215646849738
day_2048,1,1,0.9510471754603915
day_2048,1,1,0.4924131996101803
day_2048,1,1,0.944547434647878
day_2048,1,1,0.4924131996101803
day_2048,1,1,0.4924131996101803
day_2048,1,1,0.32580995228555465
day_2048,1,1,0.9314215646849738
day_2048,1,1,0.944547434647878
day_2048,1,1,0.4924131996101803
day_2048,1,1,0.9510471754603915
day_2048,1,1,0.6410339805814955
day_2048,1,1,0.6410339805814955
day_2048,1,1,0.9510471754603915
day_2048,1,1,0.32580995228555465
day_2048,1,1,0.6410339805814955
day_2048,1,1,0.4924131996101803
day_2048,1,1,0.4924131996101803
day_2048,1,1,0.944547434647878
day_2048,1,1,0.9314215646849738
day_2048,1,1,0.32580995228555465
day_2048,1,1,0.32580995228555465
day_2048,1,1,0.9510471754603915
day_2048,1,1,0.4924131996101803
day_2048,1,1,0.6410339805814955
day_2048,1,1,0.9314215646849738
day_2048,1,1,0.9314215646849738
day_2048,1,1,0.20858192609416115
day_2048,1,1,0.9510471754603915
day_2048,1,1,0.6410339805814955
day_2048,1,1,0.944547434647878
day_2048,1,1,0.9314215646849738
day_2048,1,1,0.6410339805814955
day_2048,1,1,0.6410339805814955
day_2048,1,1,0.35543033811781144
day_2048,1,1,0.38418951630592346
day_2048,1,1,0.3479019237889184
day_2048,1,1,0.35543033811781144
day_2048,1,1,0.34872637192408246
day_2048,1,1,0.5814383692211575
day_2048,1,1,0.38418951630592346
day_2048,1,1,0.5479314592149522
day_2048,1,1,0.7906420032183329
day_2048,1,1,0.3314629528257582
day_2048,1,1,0.3314629528257582
day_2048,1,1,0.5814383692211575
day_2048,1,1,0.26728662351767224
day_2048,1,1,0.5686816540029314
day_2048,1,1,0.2863909734619988
day_2048,1,1,0.46009593539767796
day_2048,1,1,0.3479019237889184
day_2048,1,1,0.5143284334076775
day_2048,1,1,0.46009593539767796
day_2048,1,1,0.35543033811781144
day_2048,1,1,0.3892076876428392
day_2048,1,1,0.4898858004146152
day_2048,1,1,0.62631223599116
day_2048,1,1,0.5479314592149522
day_2048,1,1,0.4898858004146152
day_2048,1,1,0.5143284334076775
day_2048,1,1,0.7906420032183329
day_2048,1,1,0.312344706720776
day_2048,1,1,0.38418951630592346
day_2048,1,1,0.26728662351767224
day_2048,1,1,0.5143284334076775
day_2048,1,1,0.3536472287442949
day_2048,1,1,0.46009593539767796
day_2048,1,1,0.5803498691982694
day_2048,1,1,0.5803498691982694
day_2048,1,1,0.3479019237889184
day_2048,1,1,0.3015313098827998
day_2048,1,1,0.4731052683459388
day_2048,1,1,0.8947283426920573
day_2048,1,1,0.5973444150553809
day_2048,1,1,0.8209960593117608
day_2048,1,1,0.4955872396628062
day_2048,1,1,0.8947283426920573
day_2048,1,1,0.5973444150553809
day_2048,1,1,0.7237737046347724
day_2048,1,1,0.3994252383708954
day_2048,1,1,0.5973444150553809
day_2048,1,1,0.8209960593117608
day_2048,1,1,0.3994252383708954
day_2048,1,1,0.40543684363365173
day_2048,1,1,0.8718906707233853
day_2048,1,1,0.5973444150553809
day_2048,1,1,0.40543684363365173
day_2048,1,1,0.4955872396628062
day_2048,1,1,0.40543684363365173
day_2048,1,1,0.4955872396628062
day_2048,1,1,0.3994252383708954
day_2048,1,1,0.3994252383708954
day_2048,1,1,0.8209960593117608
day_2048,1,1,0.5973444150553809
day_2048,1,1,0.7237737046347724
day_2048,1,1,0.4731052683459388
day_2048,1,1,0.5973444150553809
day_2048,1,1,0.3994252383708954
day_2048,1,1,0.715884268283844
day_2048,1,1,0.40543684363365173
day_2048,1,1,0.715884268283844
day_2048,1,1,0.40543684363365173
day_2048,1,1,0.8718906707233853
day_2048,1,1,0.8209960593117608
day_2048,1,1,0.8947283426920573
day_2048,1,1,0.8209960593117608
day_2048,1,1,0.7237737046347724
day_2048,1,1,0.5973444150553809
day_2048,1,1,0.9299972123569913
day_2048,1,1,0.9299972123569913
day_2048,1,1,0.9299972123569913
day_2048,1,1,0.9299972123569913
day_2048,1,1,0.9299972123569913
day_2048,1,1,0.9299972123569913
day_2048,1,1,0.9299972123569913
day_2048,1,1,0.9299972123569913
day_2048,1,1,0.9299972123569913
day_2048,1,1,0.9299972123569913
day_2048,1,1,0.9299972123569913
day_2048,1,1,0.9299972123569913
day_2048,1,1,0.9299972123569913
day_2048,1,1,0.9299972123569913
day_2048,1,1,0.9299972123569913
day_2048,1,1,0.9299972123569913
day_2048,1,1,0.9299972123569913
day_2048,1,1,0.9299972123569913
day_2048,1,1,0.9299972123569913
day_2048,1,1,0.9299972123569913
day_2048,1,1,0.9299972123569913
day_2048,1,1,0.9299972123569913
day_2048,1,1,0.9299972123569913
day_2048,1,1,0.9299972123569913
day_2048,1,1,0.9299972123569913
day_2048,1,1,0.9299972123569913
day_2048,1,1,0.9299972123569913
day_2048,1,1,0.9299972123569913
day_2048,1,1,0.9299972123569913
day_2048,1,1,0.9299972123569913
day_2048,1,1,0.9299972123569913
day_2048,1,1,0.9299972123569913
day_2048,1,1,0.9299972123569913
day_2048,1,1,0.9299972123569913
day_2048,1,1,0.9299972123569913
day_2048,1,1,0.9299972123569913
day_2048,1,1,0.9299972123569913
day_2048,1,1,0.3858569347196155
day_2048,1,1,0.9101962579621209
day_2048,1,1,0.9101962579621209
day_2048,1,1,0.3858569347196155
day_2048,1,1,0.3858569347196155
day_2048,1,1,0.7413822876082526
day_2048,1,1,0.3858569347196155
day_2048,1,1,0.3858569347196155
day_2048,1,1,0.3858569347196155
day_2048,1,1,0.3858569347196155
day_2048,1,1,0.3858569347196155
day_2048,1,1,0.3858569347196155
day_2048,1,1,0.9101962579621209
day_2048,1,1,0.7413822876082526
day_2048,1,1,0.9101962579621209
day_2048,1,1,0.3858569347196155
day_2048,1,1,0.7413822876082526
day_2048,1,1,0.9101962579621209
day_2048,1,1,0.3858569347196155
day_2048,1,1,0.3858569347196155
day_2048,1,1,0.3858569347196155
day_2048,1,1,0.3858569347196155
day_2048,1,1,0.9101962579621209
day_2048,1,1,0.3858569347196155
day_2048,1,1,0.9101962579621209
day_2048,1,1,0.9101962579621209
day_2048,1,1,0.3858569347196155
day_2048,1,1,0.3858569347196155
day_2048,1,1,0.3858569347196155
day_2048,1,1,0.3858569347196155
day_2048,1,1,0.3858569347196155
day_2048,1,1,0.7413822876082526
day_2048,1,1,0.7413822876082526
day_2048,1,1,0.7413822876082526
day_2048,1,1,0.3858569347196155
day_2048,1,1,0.9101962579621209
day_2048,1,1,0.7413822876082526
day_2048,1,1,0.4359623028172387
day_2048,1,1,0.4359623028172387
day_2048,1,1,0.6441097789340549
day_2048,1,1,0.4359623028172387
day_2048,1,1,0.4359623028172387
day_2048,1,1,0.9040370451079475
day_2048,1,1,0.4359623028172387
day_2048,1,1,0.6441097789340549
day_2048,1,1,0.4359623028172387
day_2048,1,1,0.9040370451079475
day_2048,1,1,0.9040370451079475
day_2048,1,1,0.4359623028172387
day_2048,1,1,0.4359623028172387
day_2048,1,1,0.6441097789340549
day_2048,1,1,0.6441097789340549
day_2048,1,1,0.4359623028172387
day_2048,1,1,0.9040370451079475
day_2048,1,1,0.6441097789340549
day_2048,1,1,0.9040370451079475
day_2048,1,1,0.9040370451079475
day_2048,1,1,0.9040370451079475
day_2048,1,1,0.9040370451079475
day_2048,1,1,0.6441097789340549
day_2048,1,1,0.4359623028172387
day_2048,1,1,0.6441097789340549
day_2048,1,1,0.9040370451079475
day_2048,1,1,0.9040370451079475
day_2048,1,1,0.6441097789340549
day_2048,1,1,0.9040370451079475
day_2048,1,1,0.9040370451079475
day_2048,1,1,0.6441097789340549
day_2048,1,1,0.9040370451079475
day_2048,1,1,0.9040370451079475
day_2048,1,1,0.6441097789340549
day_2048,1,1,0.4359623028172387
day_2048,1,1,0.6441097789340549
day_2048,1,1,0.9040370451079475
day_2048,1,1,0.8118029965294732
day_2048,1,1,0.65838532977634
day_2048,1,1,0.7887204455004798
day_2048,1,1,0.8203051222695245
day_2048,1,1,0.7119652099079556
day_2048,1,1,0.7119652099079556
day_2048,1,1,0.7398374478022257
day_2048,1,1,0.5262764526738061
day_2048,1,1,0.65838532977634
day_2048,1,1,0.8118029965294732
day_2048,1,1,0.8737957080205282
day_2048,1,1,0.7398374478022257
day_2048,1,1,0.7887204455004798
day_2048,1,1,0.8118029965294732
day_2048,1,1,0.7766681512196859
day_2048,1,1,0.6184254719151391
day_2048,1,1,0.5262764526738061
day_2048,1,1,0.8737957080205282
day_2048,1,1,0.7398374478022257
day_2048,1,1,0.8737957080205282
day_2048,1,1,0.4936953518125746
day_2048,1,1,0.8118029965294732
day_2048,1,1,0.8203051222695245
day_2048,1,1,0.7119652099079556
day_2048,1,1,0.6184254719151391
day_2048,1,1,0.7398374478022257
day_2048,1,1,0.3122866948445638
day_2048,1,1,0.7887204455004798
day_2048,1,1,0.7398374478022257
day_2048,1,1,0.8118029965294732
day_2048,1,1,0.7119652099079556
day_2048,1,1,0.7716884877946641
day_2048,1,1,0.917350345187717
day_2048,1,1,0.6184254719151391
day_2048,1,1,0.7716884877946641
day_2048,1,1,0.8737957080205282
day_2048,1,1,0.8203051222695245
day_2048,1,1,0.17234020969933933
day_2048,1,1,0.34457805421617294
day_2048,1,1,0.5807589557435777
day_2048,1,1,0.34457805421617294
day_2048,1,1,0.34457805421617294
day_2048,1,1,0.8049884637196859
day_2048,1,1,0.45270546939637923
day_2048,1,1,0.5807589557435777
day_2048,1,1,0.17234020969933933
day_2048,1,1,0.5807589557435777
day_2048,1,1,0.5807589557435777
day_2048,1,1,0.8049884637196859
day_2048,1,1,0.9082623918851217
day_2048,1,1,0.45270546939637923
day_2048,1,1,0.17234020969933933
day_2048,1,1,0.8049884637196859
day_2048,1,1,0.45270546939637923
day_2048,1,1,0.34457805421617294
day_2048,1,1,0.17234020969933933
day_2048,1,1,0.5807589557435777
day_2048,1,1,0.17234020969933933
day_2048,1,1,0.34457805421617294
day_2048,1,1,0.17234020969933933
day_2048,1,1,0.5807589557435777
day_2048,1,1,0.34457805421617294
day_2048,1,1,0.9082623918851217
day_2048,1,1,0.17234020969933933
day_2048,1,1,0.34457805421617294
day_2048,1,1,0.8049884637196859
day_2048,1,1,0.34457805421617294
day_2048,1,1,0.34457805421617294
day_2048,1,1,0.34457805421617294
day_2048,1,1,0.17234020969933933
day_2048,1,1,0.17234020969933933
day_2048,1,1,0.34457805421617294
day_2048,1,1,0.9082623918851217
day_2048,1,1,0.8049884637196859
day_2048,1,1,0.6421150730715858
day_2048,1,1,0.5300006369749705
day_2048,1,1,0.6421150730715858
day_2048,1,1,0.4797477655940586
day_2048,1,1,0.5300006369749705
day_2048,1,1,0.6421150730715858
day_2048,1,1,0.6421150730715858
day_2048,1,1,0.6421150730715858
day_2048,1,1,0.5300006369749705
day_2048,1,1,0.4797477655940586
day_2048,1,1,0.4797477655940586
day_2048,1,1,0.5300006369749705
day_2048,1,1,0.6421150730715858
day_2048,1,1,0.4797477655940586
day_2048,1,1,0.4797477655940586
day_2048,1,1,0.6421150730715858
day_2048,1,1,0.5300006369749705
day_2048,1,1,0.4797477655940586
day_2048,1,1,0.4797477655940586
day_2048,1,1,0.6421150730715858
day_2048,1,1,0.4797477655940586
day_2048,1,1,0.5300006369749705
day_2048,1,1,0.6421150730715858
day_2048,1,1,0.5300006369749705
day_2048,1,1,0.6421150730715858
day_2048,1,1,0.4797477655940586
day_2048,1,1,0.6421150730715858
day_2048,1,1,0.6421150730715858
day_2048,1,1,0.6421150730715858
day_2048,1,1,0.6421150730715858
day_2048,1,1,0.5300006369749705
day_2048,1,1,0.5300006369749705
day_2048,1,1,0.6421150730715858
day_2048,1,1,0.6421150730715858
day_2048,1,1,0.6421150730715858
day_2048,1,1,0.4797477655940586
day_2048,1,1,0.6421150730715858
day_2048,1,1,0.7134588758150736
day_2048,1,1,0.5534386105007596
day_2048,1,1,0.5187806122832828
day_2048,1,1,0.7134588758150736
day_2048,1,1,0.7267522613207499
day_2048,1,1,0.3423486799001694
day_2048,1,1,0.328493336836497
day_2048,1,1,0.49630991948975456
day_2048,1,1,0.8086289101176791
day_2048,1,1,0.7267522613207499
day_2048,1,1,0.7576670712894864
day_2048,1,1,0.7675189839469062
day_2048,1,1,0.328493336836497
day_2048,1,1,0.5534386105007596
day_2048,1,1,0.328493336836497
day_2048,1,1,0.5187806122832828
day_2048,1,1,0.49630991948975456
day_2048,1,1,0.7267522613207499
day_2048,1,1,0.7267522613207499
day_2048,1,1,0.328493336836497
day_2048,1,1,0.5187806122832828
day_2048,1,1,0.3423486799001694
day_2048,1,1,0.7134588758150736
day_2048,1,1,0.3376331859164768
day_2048,1,1,0.328493336836497
day_2048,1,1,0.5490187505880991
day_2048,1,1,0.3423486799001694
day_2048,1,1,0.7576670712894864
day_2048,1,1,0.3423486799001694
day_2048,1,1,0.5490187505880991
day_2048,1,1,0.7134588758150736
day_2048,1,1,0.5490187505880991
day_2048,1,1,0.8086289101176791
day_2048,1,1,0.3423486799001694
day_2048,1,1,0.49630991948975456
day_2048,1,1,0.7267522613207499
day_2048,1,1,0.5187806122832828
day_2048,1,1,0.5500526792473264
day_2048,1,1,0.8836156129837036
day_2048,1,1,0.6698935098118253
day_2048,1,1,0.5420420037375556
day_2048,1,1,0.8697382145457797
day_2048,1,1,0.5420420037375556
day_2048,1,1,0.6698935098118253
day_2048,1,1,0.8697382145457797
day_2048,1,1,0.9076266222529941
day_2048,1,1,0.6698935098118253
day_2048,1,1,0.5500526792473264
day_2048,1,1,0.6698935098118253
day_2048,1,1,0.8697382145457797
day_2048,1,1,0.5500526792473264
day_2048,1,1,0.5500526792473264
day_2048,1,1,0.5500526792473264
day_2048,1,1,0.5420420037375556
day_2048,1,1,0.8836156129837036
day_2048,1,1,0.8836156129837036
day_2048,1,1,0.5500526792473264
day_2048,1,1,0.8836156129837036
day_2048,1,1,0.8836156129837036
day_2048,1,1,0.5420420037375556
day_2048,1,1,0.8697382145457797
day_2048,1,1,0.9076266222529941
day_2048,1,1,0.8836156129837036
day_2048,1,1,0.9076266222529941
day_2048,1,1,0.9076266222529941
day_2048,1,1,0.8697382145457797
day_2048,1,1,0.8697382145457797
day_2048,1,1,0.8697382145457797
day_2048,1,1,0.5420420037375556
day_2048,1,1,0.6698935098118253
day_2048,1,1,0.9076266222529941
day_2048,1,1,0.8697382145457797
day_2048,1,1,0.9076266222529941
day_2048,1,1,0.9076266222529941
day_2048,1,1,0.41640134321318734
day_2048,1,1,0.2701423184739219
day_2048,1,1,0.3112577348947525
day_2048,1,1,0.433057169119517
day_2048,1,1,0.27769609954622054
day_2048,1,1,0.27769609954622054
day_2048,1,1,0.3081243071291182
day_2048,1,1,0.2701423184739219
day_2048,1,1,0.30821805198987323
day_2048,1,1,0.34790705641110736
day_2048,1,1,0.24314049217436048
day_2048,1,1,0.5331630706787109
day_2048,1,1,0.5785085128413306
day_2048,1,1,0.48814860317442155
day_2048,1,1,0.4860476553440094
day_2048,1,1,0.24314049217436048
day_2048,1,1,0.3112577348947525
day_2048,1,1,0.3789575497309367
day_2048,1,1,0.39055604570441776
day_2048,1,1,0.5785085128413306
day_2048,1,1,0.433057169119517
day_2048,1,1,0.433057169119517
day_2048,1,1,0.30821805198987323
day_2048,1,1,0.18201021684540641
day_2048,1,1,0.18201021684540641
day_2048,1,1,0.27769609954622054
day_2048,1,1,0.433057169119517
day_2048,1,1,0.30821805198987323
day_2048,1,1,0.433057169119517
day_2048,1,1,0.4860476553440094
day_2048,1,1,0.3789575497309367
day_2048,1,1,0.24314049217436048
day_2048,1,1,0.5331630706787109
day_2048,1,1,0.34790705641110736
day_2048,1,1,0.2701423184739219
day_2048,1,1,0.48814860317442155
day_2048,1,1,0.3081243071291182
day_2048,1,1,0.7537279658847384
day_2048,1,1,0.25874117347929215
day_2048,1,1,0.3960571156607734
day_2048,1,1,0.7426352004210154
day_2048,1,1,0.25874117347929215
day_2048,1,1,0.7537279658847384
day_2048,1,1,0.2860846933391359
day_2048,1,1,0.5808156662517123
day_2048,1,1,0.7737060321701897
day_2048,1,1,0.6889294584592184
day_2048,1,1,0.7404390772183737
day_2048,1,1,0.18686409377389485
day_2048,1,1,0.7256715827518039
day_2048,1,1,0.3337878915998671
day_2048,1,1,0.7426352004210154
day_2048,1,1,0.2929312106635835
day_2048,1,1,0.515993035501904
day_2048,1,1,0.42796628011597526
day_2048,1,1,0.2929312106635835
day_2048,1,1,0.5056180987093184
day_2048,1,1,0.3960571156607734
day_2048,1,1,0.5808156662517123
day_2048,1,1,0.4160842067665524
day_2048,1,1,0.7537279658847384
day_2048,1,1,0.7679503824975755
day_2048,1,1,0.59523563252555
day_2048,1,1,0.3337878915998671
day_2048,1,1,0.5808156662517123
day_2048,1,1,0.7404390772183737
day_2048,1,1,0.3337878915998671
day_2048,1,1,0.7256715827518039
day_2048,1,1,0.59523563252555
day_2048,1,1,0.515993035501904
day_2048,1,1,0.5467730131414201
day_2048,1,1,0.7256715827518039
day_2048,1,1,0.7426352004210154
day_2048,1,1,0.5056180987093184
day_2048,1,1,0.8028992083337572
day_2048,1,1,0.6564124590820737
day_2048,1,1,0.8028992083337572
day_2048,1,1,0.8440689312087165
day_2048,1,1,0.8440689312087165
day_2048,1,1,0.6564124590820737
day_2048,1,1,0.8028992083337572
day_2048,1,1,0.8440689312087165
day_2048,1,1,0.8440689312087165
day_2048,1,1,0.6564124590820737
day_2048,1,1,0.8028992083337572
day_2048,1,1,0.6564124590820737
day_2048,1,1,0.8028992083337572
day_2048,1,1,0.8440689312087165
day_2048,1,1,0.6564124590820737
day_2048,1,1,0.6564124590820737
day_2048,1,1,0.6564124590820737
day_2048,1,1,0.6564124590820737
day_2048,1,1,0.8440689312087165
day_2048,1,1,0.6564124590820737
day_2048,1,1,0.8028992083337572
day_2048,1,1,0.8028992083337572
day_2048,1,1,0.8440689312087165
day_2048,1,1,0.6564124590820737
day_2048,1,1,0.8440689312087165
day_2048,1,1,0.8028992083337572
day_2048,1,1,0.8440689312087165
day_2048,1,1,0.6564124590820737
day_2048,1,1,0.8028992083337572
day_2048,1,1,0.8440689312087165
day_2048,1,1,0.6564124590820737
day_2048,1,1,0.8440689312087165
day_2048,1,1,0.8028992083337572
day_2048,1,1,0.8440689312087165
day_2048,1,1,0.8440689312087165
day_2048,1,1,0.8440689312087165
day_2048,1,1,0.6564124590820737
day_2048,1,1,0.6650075713793436
day_2048,1,1,0.45614788432916004
day_2048,1,1,0.5154340068499247
day_2048,1,1,0.4333634277184804
day_2048,1,1,0.6788920826382108
day_2048,1,1,0.7824261784553528
day_2048,1,1,0.7892823153071933
day_2048,1,1,0.8901933630307516
day_2048,1,1,0.6668063435289595
day_2048,1,1,0.5154340068499247
day_2048,1,1,0.6668063435289595
day_2048,1,1,0.8603634635607401
day_2048,1,1,0.6650075713793436
day_2048,1,1,0.6788920826382108
day_2048,1,1,0.6668063435289595
day_2048,1,1,0.5894885460535685
day_2048,1,1,0.5043157835801443
day_2048,1,1,0.751727475060357
day_2048,1,1,0.44635041223631966
day_2048,1,1,0.4656244417031606
day_2048,1,1,0.16675273784332806
day_2048,1,1,0.16675273784332806
day_2048,1,1,0.47325342728032005
day_2048,1,1,0.45614788432916004
day_2048,1,1,0.7155885299046835
day_2048,1,1,0.4333634277184804
day_2048,1,1,0.6668063435289595
day_2048,1,1,0.6668063435289595
day_2048,1,1,0.8756183452076383
day_2048,1,1,0.6961710453033447
day_2048,1,1,0.5510348677635193
day_2048,1,1,0.8901933630307516
day_2048,1,1,0.8013825681474473
day_2048,1,1,0.45614788432916004
day_2048,1,1,0.47325342728032005
day_2048,1,1,0.5882127616140578
day_2048,1,1,0.5501938528484769
day_2048,1,1,0.5060388810104794
day_2048,1,1,0.5524334477053748
day_2048,1,1,0.5078053507539961
day_2048,1,1,0.5749188727802701
day_2048,1,1,0.5524334477053748
day_2048,1,1,0.4711100293530358
day_2048,1,1,0.4735092620054881
day_2048,1,1,0.6350819004906548
day_2048,1,1,0.29133932789166767
day_2048,1,1,0.44315168261528015
day_2048,1,1,0.6089947819709778
day_2048,1,1,0.5749188727802701
day_2048,1,1,0.3708980944421556
day_2048,1,1,0.26835381653573775
day_2048,1,1,0.4735092620054881
day_2048,1,1,0.6089947819709778
day_2048,1,1,0.5078053507539961
day_2048,1,1,0.4735092620054881
day_2048,1,1,0.688811891608768
day_2048,1,1,0.6118509901894463
day_2048,1,1,0.6118509901894463
day_2048,1,1,0.26835381653573775
day_2048,1,1,0.29352740446726483
day_2048,1,1,0.4711100293530358
day_2048,1,1,0.5749188727802701
day_2048,1,1,0.5749188727802701
day_2048,1,1,0.5078053507539961
day_2048,1,1,0.6089947819709778
day_2048,1,1,0.4711100293530358
day_2048,1,1,0.5830213593112098
day_2048,1,1,0.5060388810104794
day_2048,1,1,0.3708980944421556
day_2048,1,1,0.4735092620054881
day_2048,1,1,0.29352740446726483
day_2048,1,1,0.5749188727802701
day_2048,1,1,0.3708980944421556
day_2048,1,1,0.6130237678686777
day_2048,1,1,0.43528927697075737
day_2048,1,1,0.7570622165997823
day_2048,1,1,0.24195666942331526
day_2048,1,1,0.7570622165997823
day_2048,1,1,0.43528927697075737
day_2048,1,1,0.7570622165997823
day_2048,1,1,0.7570622165997823
day_2048,1,1,0.24195666942331526
day_2048,1,1,0.24195666942331526
day_2048,1,1,0.24195666942331526
day_2048,1,1,0.24195666942331526
day_2048,1,1,0.43528927697075737
day_2048,1,1,0.43528927697075737
day_2048,1,1,0.7570622165997823
day_2048,1,1,0.24195666942331526
day_2048,1,1,0.7570622165997823
day_2048,1,1,0.668374670876397
day_2048,1,1,0.43528927697075737
day_2048,1,1,0.7570622165997823
day_2048,1,1,0.43528927697075737
day_2048,1,1,0.7570622165997823
day_2048,1,1,0.7570622165997823
day_2048,1,1,0.43528927697075737
day_2048,1,1,0.43528927697075737
day_2048,1,1,0.24195666942331526
day_2048,1,1,0.43528927697075737
day_2048,1,1,0.668374670876397
day_2048,1,1,0.7570622165997823
day_2048,1,1,0.668374670876397
day_2048,1,1,0.24195666942331526
day_2048,1,1,0.7570622165997823
day_2048,1,1,0.668374670876397
day_2048,1,1,0.24195666942331526
day_2048,1,1,0.668374670876397
day_2048,1,1,0.7570622165997823
day_2048,1,1,0.7570622165997823
day_2048,1,1,0.668374670876397
day_2048,1,1,0.48841675453715855
day_2048,1,1,0.6861831247806549
day_2048,1,1,0.4216221736537086
day_2048,1,1,0.4216221736537086
day_2048,1,1,0.3884793122609456
day_2048,1,1,0.4675436086124844
day_2048,1,1,0.5557793312602572
day_2048,1,1,0.7105921506881714
day_2048,1,1,0.7105921506881714
day_2048,1,1,0.5944645173019834
day_2048,1,1,0.8082898855209351
day_2048,1,1,0.5948097142908308
day_2048,1,1,0.678038497765859
day_2048,1,1,0.6861831247806549
day_2048,1,1,0.2967541830407249
day_2048,1,1,0.5948097142908308
day_2048,1,1,0.34129099878999924
day_2048,1,1,0.5944645173019834
day_2048,1,1,0.6552934514151679
day_2048,1,1,0.5095115602016449
day_2048,1,1,0.678038497765859
day_2048,1,1,0.5948097142908308
day_2048,1,1,0.5254653907484479
day_2048,1,1,0.5034598244561089
day_2048,1,1,0.700062440501319
day_2048,1,1,0.574969596332974
day_2048,1,1,0.574969596332974
day_2048,1,1,0.51186513238483
day_2048,1,1,0.34129099878999924
day_2048,1,1,0.4589527166552014
day_2048,1,1,0.48841675453715855
day_2048,1,1,0.6720303429497613
day_2048,1,1,0.5788907474941678
day_2048,1,1,0.6552934514151679
day_2048,1,1,0.5592383742332458
day_2048,1,1,0.5388268861505721
day_2048,1,1,0.574969596332974
day_2048,1,1,0.17763632122013304
day_2048,1,1,0.6205320590072207
day_2048,1,1,0.8214186959796481
day_2048,1,1,0.6657061510615878
day_2048,1,1,0.30542609592278797
day_2048,1,1,0.5270751449796889
day_2048,1,1,0.635349839925766
day_2048,1,1,0.8558399942186143
day_2048,1,1,0.635349839925766
day_2048,1,1,0.6657061510615878
day_2048,1,1,0.9327553378211128
day_2048,1,1,0.6205320590072207
day_2048,1,1,0.20914125856426027
day_2048,1,1,0.30542609592278797
day_2048,1,1,0.635349839925766
day_2048,1,1,0.17763632122013304
day_2048,1,1,0.30542609592278797
day_2048,1,1,0.8214186959796481
day_2048,1,1,0.27582519749800366
day_2048,1,1,0.6657061510615878
day_2048,1,1,0.42825799849298263
day_2048,1,1,0.8558399942186143
day_2048,1,1,0.6205320590072207
day_2048,1,1,0.42825799849298263
day_2048,1,1,0.20914125856426027
day_2048,1,1,0.6657061510615878
day_2048,1,1,0.5270751449796889
day_2048,1,1,0.27582519749800366
day_2048,1,1,0.42825799849298263
day_2048,1,1,0.6205320590072207
day_2048,1,1,0.30542609592278797
day_2048,1,1,0.8558399942186143
day_2048,1,1,0.6205320590072207
day_2048,1,1,0.5270751449796889
day_2048,1,1,0.5270751449796889
day_2048,1,1,0.30542609592278797
day_2048,1,1,0.30542609592278797
day_2048,1,1,0.5301197038756477
day_2048,1,1,0.5907501379648844
day_2048,1,1,0.589724126789305
day_2048,1,1,0.589724126789305
day_2048,1,1,0.589724126789305
day_2048,1,1,0.5301197038756477
day_2048,1,1,0.589724126789305
day_2048,1,1,0.5907501379648844
day_2048,1,1,0.5301197038756477
day_2048,1,1,0.589724126789305
day_2048,1,1,0.5907501379648844
day_2048,1,1,0.589724126789305
day_2048,1,1,0.5301197038756477
day_2048,1,1,0.5907501379648844
day_2048,1,1,0.5907501379648844
day_2048,1,1,0.589724126789305
day_2048,1,1,0.589724126789305
day_2048,1,1,0.589724126789305
day_2048,1,1,0.589724126789305
day_2048,1,1,0.5907501379648844
day_2048,1,1,0.589724126789305
day_2048,1,1,0.589724126789305
day_2048,1,1,0.589724126789305
day_2048,1,1,0.589724126789305
day_2048,1,1,0.589724126789305
day_2048,1,1,0.5301197038756477
day_2048,1,1,0.589724126789305
day_2048,1,1,0.5301197038756477
day_2048,1,1,0.5907501379648844
day_2048,1,1,0.5301197038756477
day_2048,1,1,0.5301197038756477
day_2048,1,1,0.5301197038756477
day_2048,1,1,0.589724126789305
day_2048,1,1,0.5907501379648844
day_2048,1,1,0.5301197038756477
day_2048,1,1,0.5301197038756477
day_2048,1,1,0.589724126789305
day_2048,1,1,0.9468676315413581
day_2048,1,1,0.9468676315413581
day_2048,1,1,0.9468676315413581
day_2048,1,1,0.9468676315413581
day_2048,1,1,0.9468676315413581
day_2048,1,1,0.9468676315413581
day_2048,1,1,0.9468676315413581
day_2048,1,1,0.9468676315413581
day_2048,1,1,0.9468676315413581
day_2048,1,1,0.9468676315413581
day_2048,1,1,0.9468676315413581
day_2048,1,1,0.9468676315413581
day_2048,1,1,0.9468676315413581
day_2048,1,1,0.9468676315413581
day_2048,1,1,0.9468676315413581
day_2048,1,1,0.9468676315413581
day_2048,1,1,0.9468676315413581
day_2048,1,1,0.9468676315413581
day_2048,1,1,0.9468676315413581
day_2048,1,1,0.9468676315413581
day_2048,1,1,0.9468676315413581
day_2048,1,1,0.9468676315413581
day_2048,1,1,0.9468676315413581
day_2048,1,1,0.9468676315413581
day_2048,1,1,0.9468676315413581
day_2048,1,1,0.9468676315413581
day_2048,1,1,0.9468676315413581
day_2048,1,1,0.9468676315413581
day_2048,1,1,0.9468676315413581
day_2048,1,1,0.9468676315413581
day_2048,1,1,0.9468676315413581
day_2048,1,1,0.9468676315413581
day_2048,1,1,0.9468676315413581
day_2048,1,1,0.9468676315413581
day_2048,1,1,0.9468676315413581
day_2048,1,1,0.9468676315413581
day_2048,1,1,0.9468676315413581
day_2048,1,1,0.5336868365605673
day_2048,1,1,0.4876616464720832
day_2048,1,1,0.5336868365605673
day_2048,1,1,0.46925992435879177
day_2048,1,1,0.46925992435879177
day_2048,1,1,0.33644910156726837
day_2048,1,1,0.46925992435879177
day_2048,1,1,0.5082870026429495
day_2048,1,1,0.33644910156726837
day_2048,1,1,0.6011141969097985
day_2048,1,1,0.33644910156726837
day_2048,1,1,0.5082870026429495
day_2048,1,1,0.33644910156726837
day_2048,1,1,0.33644910156726837
day_2048,1,1,0.46925992435879177
day_2048,1,1,0.33644910156726837
day_2048,1,1,0.8603621323903402
day_2048,1,1,0.6011141969097985
day_2048,1,1,0.5336868365605673
day_2048,1,1,0.8603621323903402
day_2048,1,1,0.33644910156726837
day_2048,1,1,0.8603621323903402
day_2048,1,1,0.33644910156726837
day_2048,1,1,0.4876616464720832
day_2048,1,1,0.6011141969097985
day_2048,1,1,0.5336868365605673
day_2048,1,1,0.46925992435879177
day_2048,1,1,0.4876616464720832
day_2048,1,1,0.46925992435879177
day_2048,1,1,0.4876616464720832
day_2048,1,1,0.5336868365605673
day_2048,1,1,0.46925992435879177
day_2048,1,1,0.5082870026429495
day_2048,1,1,0.33644910156726837
day_2048,1,1,0.5336868365605673
day_2048,1,1,0.6011141969097985
day_2048,1,1,0.46925992435879177
day_2048,1,1,0.7172078159120348
day_2048,1,1,0.5482920640044742
day_2048,1,1,0.3768494923909505
day_2048,1,1,0.6571961409515805
day_2048,1,1,0.5098916755782233
day_2048,1,1,0.43673789501190186
day_2048,1,1,0.2328652044137319
day_2048,1,1,0.5482920640044742
day_2048,1,1,0.43673789501190186
day_2048,1,1,0.6877687573432922
day_2048,1,1,0.360824637942844
day_2048,1,1,0.3768494923909505
day_2048,1,1,0.4523627791139815
day_2048,1,1,0.3650661110877991
day_2048,1,1,0.43673789501190186
day_2048,1,1,0.4074819154209561
day_2048,1,1,0.7172078159120348
day_2048,1,1,0.3768494923909505
day_2048,1,1,0.4523627791139815
day_2048,1,1,0.2328652044137319
day_2048,1,1,0.5482920640044742
day_2048,1,1,0.30808540681997937
day_2048,1,1,0.3650661110877991
day_2048,1,1,0.26854903002580005
day_2048,1,1,0.43673789501190186
day_2048,1,1,0.6877687573432922
day_2048,1,1,0.3768494923909505
day_2048,1,1,0.43673789501190186
day_2048,1,1,0.5482920640044742
day_2048,1,1,0.896283335155911
day_2048,1,1,0.6571961409515805
day_2048,1,1,0.5098916755782233
day_2048,1,1,0.23424467941125235
day_2048,1,1,0.360824637942844
day_2048,1,1,0.26854903002580005
day_2048,1,1,0.20678940994871986
day_2048,1,1,0.5098916755782233
day_2048,1,1,0.4097417609559165
day_2048,1,1,0.32136698563893634
day_2048,1,1,0.41857607828246224
day_2048,1,1,0.5600882603062524
day_2048,1,1,0.8483132984903123
day_2048,1,1,0.7798976666397519
day_2048,1,1,0.7798976666397519
day_2048,1,1,0.47227846913867527
day_2048,1,1,0.47227846913867527
day_2048,1,1,0.47227846913867527
day_2048,1,1,0.4097417609559165
day_2048,1,1,0.3569816251595815
day_2048,1,1,0.7798976666397519
day_2048,1,1,0.47227846913867527
day_2048,1,1,0.7798976666397519
day_2048,1,1,0.4097417609559165
day_2048,1,1,0.8483132984903123
day_2048,1,1,0.3569816251595815
day_2048,1,1,0.47227846913867527
day_2048,1,1,0.4097417609559165
day_2048,1,1,0.32136698563893634
day_2048,1,1,0.365434017446306
day_2048,1,1,0.5600882603062524
day_2048,1,1,0.32136698563893634
day_2048,1,1,0.5600882603062524
day_2048,1,1,0.5600882603062524
day_2048,1,1,0.47227846913867527
day_2048,1,1,0.7798976666397519
day_2048,1,1,0.7798976666397519
day_2048,1,1,0.5600882603062524
day_2048,1,1,0.8483132984903123
day_2048,1,1,0.8483132984903123
day_2048,1,1,0.32136698563893634
day_2048,1,1,0.32136698563893634
day_2048,1,1,0.3569816251595815
day_2048,1,1,0.8483132984903123
day_2048,1,1,0.41857607828246224
day_2048,1,1,0.7734033134248521
day_2048,1,1,0.5072915156682333
day_2048,1,1,0.31146448685063255
day_2048,1,1,0.7747608224550883
day_2048,1,1,0.27186379498905605
day_2048,1,1,0.5869773328304291
day_2048,1,1,0.5854809085528055
day_2048,1,1,0.4955171545346578
day_2048,1,1,0.8064726856019762
day_2048,1,1,0.19830348384049204
day_2048,1,1,0.5962304572264353
day_2048,1,1,0.19830348384049204
day_2048,1,1,0.5072915156682333
day_2048,1,1,0.4625638789600796
day_2048,1,1,0.5854809085528055
day_2048,1,1,0.8064726856019762
day_2048,1,1,0.6970163120163811
day_2048,1,1,0.8459942671987746
day_2048,1,1,0.4625638789600796
day_2048,1,1,0.8459942671987746
day_2048,1,1,0.4955171545346578
day_2048,1,1,0.7747608224550883
day_2048,1,1,0.31146448685063255
day_2048,1,1,0.5962304572264353
day_2048,1,1,0.5125362972418467
day_2048,1,1,0.3931512501504686
day_2048,1,1,0.7747608224550883
day_2048,1,1,0.5962304572264353
day_2048,1,1,0.7747608224550883
day_2048,1,1,0.31146448685063255
day_2048,1,1,0.3931512501504686
day_2048,1,1,0.23661525713072884
day_2048,1,1,0.5854809085528055
day_2048,1,1,0.27186379498905605
day_2048,1,1,0.31146448685063255
day_2048,1,1,0.27186379498905605
day_2048,1,1,0.27186379498905605
day_2048,1,1,0.9676568508148193
day_2048,1,1,0.9676568508148193
day_2048,1,1,0.9676568508148193
day_2048,1,1,0.9676568508148193
day_2048,1,1,0.9676568508148193
day_2048,1,1,0.9676568508148193
day_2048,1,1,0.9676568508148193
day_2048,1,1,0.9676568508148193
day_2048,1,1,0.9676568508148193
day_2048,1,1,0.9676568508148193
day_2048,1,1,0.9676568508148193
day_2048,1,1,0.9676568508148193
day_2048,1,1,0.9676568508148193
day_2048,1,1,0.9676568508148193
day_2048,1,1,0.9676568508148193
day_2048,1,1,0.9676568508148193
day_2048,1,1,0.9676568508148193
day_2048,1,1,0.9676568508148193
day_2048,1,1,0.9676568508148193
day_2048,1,1,0.9676568508148193
day_2048,1,1,0.9676568508148193
day_2048,1,1,0.9676568508148193
day_2048,1,1,0.9676568508148193
day_2048,1,1,0.9676568508148193
day_2048,1,1,0.9676568508148193
day_2048,1,1,0.9676568508148193
day_2048,1,1,0.9676568508148193
day_2048,1,1,0.9676568508148193
day_2048,1,1,0.9676568508148193
day_2048,1,1,0.9676568508148193
day_2048,1,1,0.9676568508148193
day_2048,1,1,0.9676568508148193
day_2048,1,1,0.9676568508148193
day_2048,1,1,0.9676568508148193
day_2048,1,1,0.9676568508148193
day_2048,1,1,0.9676568508148193
day_2048,1,1,0.9676568508148193
day_2048,1,1,0.38046339485380387
day_2048,1,1,0.38046339485380387
day_2048,1,1,0.38046339485380387
day_2048,1,1,0.6816273927688599
day_2048,1,1,0.38046339485380387
day_2048,1,1,0.6816273927688599
day_2048,1,1,0.6816273927688599
day_2048,1,1,0.31682611339622074
day_2048,1,1,0.31682611339622074
day_2048,1,1,0.8621261649661593
day_2048,1,1,0.31682611339622074
day_2048,1,1,0.38046339485380387
day_2048,1,1,0.8621261649661593
day_2048,1,1,0.31682611339622074
day_2048,1,1,0.6816273927688599
day_2048,1,1,0.6816273927688599
day_2048,1,1,0.6816273927688599
day_2048,1,1,0.31682611339622074
day_2048,1,1,0.8621261649661593
day_2048,1,1,0.38046339485380387
day_2048,1,1,0.8621261649661593
day_2048,1,1,0.31682611339622074
day_2048,1,1,0.8621261649661593
day_2048,1,1,0.28570320705572766
day_2048,1,1,0.6816273927688599
day_2048,1,1,0.28570320705572766
day_2048,1,1,0.6816273927688599
day_2048,1,1,0.28570320705572766
day_2048,1,1,0.38046339485380387
day_2048,1,1,0.38046339485380387
day_2048,1,1,0.38046339485380387
day_2048,1,1,0.28570320705572766
day_2048,1,1,0.8621261649661593
day_2048,1,1,0.31682611339622074
day_2048,1,1,0.38046339485380387
day_2048,1,1,0.31682611339622074
day_2048,1,1,0.28570320705572766
day_2048,1,1,0.3957703908284505
day_2048,1,1,0.5004629459646013
day_2048,1,1,0.6598109536700778
day_2048,1,1,0.39197637968593174
day_2048,1,1,0.5585677060816023
day_2048,1,1,0.260023327337371
day_2048,1,1,0.5585677060816023
day_2048,1,1,0.291997782058186
day_2048,1,1,0.6598109536700778
day_2048,1,1,0.6272088355488248
day_2048,1,1,0.5004629459646013
day_2048,1,1,0.39197637968593174
day_2048,1,1,0.2099884090324243
day_2048,1,1,0.5883788598908318
day_2048,1,1,0.3957703908284505
day_2048,1,1,0.5883788598908318
day_2048,1,1,0.5955418348312378
day_2048,1,1,0.5585677060816023
day_2048,1,1,0.23700002663665348
day_2048,1,1,0.2099884090324243
day_2048,1,1,0.5883788598908318
day_2048,1,1,0.5585677060816023
day_2048,1,1,0.5883788598908318
day_2048,1,1,0.3957703908284505
day_2048,1,1,0.291997782058186
day_2048,1,1,0.43878108263015747
day_2048,1,1,0.5585677060816023
day_2048,1,1,0.3957703908284505
day_2048,1,1,0.43878108263015747
day_2048,1,1,0.43878108263015747
day_2048,1,1,0.6598109536700778
day_2048,1,1,0.3472286926375495
day_2048,1,1,0.5466356774171194
day_2048,1,1,0.3957703908284505
day_2048,1,1,0.39197637968593174
day_2048,1,1,0.3472286926375495
day_2048,1,1,0.3472286926375495
day_2048,1,1,0.5834986997975243
day_2048,1,1,0.3603280054198371
day_2048,1,1,0.5131713151931763
day_2048,1,1,0.22692117426130506
day_2048,1,1,0.5131713151931763
day_2048,1,1,0.7022043599022759
day_2048,1,1,0.5968143310811784
day_2048,1,1,0.5740970505608453
day_2048,1,1,0.3603280054198371
day_2048,1,1,0.6941007640626695
day_2048,1,1,0.37535224358240765
day_2048,1,1,0.2400040394730038
day_2048,1,1,0.2400040394730038
day_2048,1,1,0.688943432437049
day_2048,1,1,0.33595581518279183
day_2048,1,1,0.5107551217079163
day_2048,1,1,0.4169117013613383
day_2048,1,1,0.5740970505608453
day_2048,1,1,0.6596287224027846
day_2048,1,1,0.6507214374012418
day_2048,1,1,0.41621941659185624
day_2048,1,1,0.5107551217079163
day_2048,1,1,0.3231174614694383
day_2048,1,1,0.5834986997975243
day_2048,1,1,0.5834986997975243
day_2048,1,1,0.48617850409613717
day_2048,1,1,0.5834986997975243
day_2048,1,1,0.5740970505608453
day_2048,1,1,0.41621941659185624
day_2048,1,1,0.6549530095524259
day_2048,1,1,0.688943432437049
day_2048,1,1,0.4169117013613383
day_2048,1,1,0.5968143310811784
day_2048,1,1,0.7022043599022759
day_2048,1,1,0.7022043599022759
day_2048,1,1,0.688943432437049
day_2048,1,1,0.5968143310811784
day_2048,1,1,0.6902462310261197
day_2048,1,1,0.3398859103520711
day_2048,1,1,0.7223591605822245
day_2048,1,1,0.6902462310261197
day_2048,1,1,0.6902462310261197
day_2048,1,1,0.4729878902435303
day_2048,1,1,0.6311481330129836
day_2048,1,1,0.4939791063467662
day_2048,1,1,0.6819270716773139
day_2048,1,1,0.3398859103520711
day_2048,1,1,0.5139477550983429
day_2048,1,1,0.4883315298292372
day_2048,1,1,0.6363512178262075
day_2048,1,1,0.3398859103520711
day_2048,1,1,0.5139477550983429
day_2048,1,1,0.6311481330129836
day_2048,1,1,0.3398859103520711
day_2048,1,1,0.6902462310261197
day_2048,1,1,0.4883315298292372
day_2048,1,1,0.6819270716773139
day_2048,1,1,0.7079064647356669
day_2048,1,1,0.5139477550983429
day_2048,1,1,0.25270219643910724
day_2048,1,1,0.5139477550983429
day_2048,1,1,0.3483591477076213
day_2048,1,1,0.4883315298292372
day_2048,1,1,0.4799850318166945
day_2048,1,1,0.5139477550983429
day_2048,1,1,0.7223591605822245
day_2048,1,1,0.7079064647356669
day_2048,1,1,0.7079064647356669
day_2048,1,1,0.8074375722143385
day_2048,1,1,0.3398859103520711
day_2048,1,1,0.5139477550983429
day_2048,1,1,0.4729878902435303
day_2048,1,1,0.6363512178262075
day_2048,1,1,0.3398859103520711
day_2048,1,1,0.37274181842803955
day_2048,1,1,0.37274181842803955
day_2048,1,1,0.37274181842803955
day_2048,1,1,0.37274181842803955
day_2048,1,1,0.37274181842803955
day_2048,1,1,0.37274181842803955
day_2048,1,1,0.37274181842803955
day_2048,1,1,0.37274181842803955
day_2048,1,1,0.37274181842803955
day_2048,1,1,0.37274181842803955
day_2048,1,1,0.37274181842803955
day_2048,1,1,0.37274181842803955
day_2048,1,1,0.37274181842803955
day_2048,1,1,0.37274181842803955
day_2048,1,1,0.37274181842803955
day_2048,1,1,0.37274181842803955
day_2048,1,1,0.37274181842803955
day_2048,1,1,0.37274181842803955
day_2048,1,1,0.37274181842803955
day_2048,1,1,0.37274181842803955
day_2048,1,1,0.37274181842803955
day_2048,1,1,0.37274181842803955
day_2048,1,1,0.37274181842803955
day_2048,1,1,0.37274181842803955
day_2048,1,1,0.37274181842803955
day_2048,1,1,0.37274181842803955
day_2048,1,1,0.37274181842803955
day_2048,1,1,0.37274181842803955
day_2048,1,1,0.37274181842803955
day_2048,1,1,0.37274181842803955
day_2048,1,1,0.37274181842803955
day_2048,1,1,0.37274181842803955
day_2048,1,1,0.37274181842803955
day_2048,1,1,0.37274181842803955
day_2048,1,1,0.37274181842803955
day_2048,1,1,0.37274181842803955
day_2048,1,1,0.37274181842803955
day_2048,1,1,0.45110244552294415
day_2048,1,1,0.7566558718681335
day_2048,1,1,0.45139170355266994
day_2048,1,1,0.7566558718681335
day_2048,1,1,0.45110244552294415
day_2048,1,1,0.45110244552294415
day_2048,1,1,0.45110244552294415
day_2048,1,1,0.45110244552294415
day_2048,1,1,0.45110244552294415
day_2048,1,1,0.45139170355266994
day_2048,1,1,0.7566558718681335
day_2048,1,1,0.45110244552294415
day_2048,1,1,0.45139170355266994
day_2048,1,1,0.45110244552294415
day_2048,1,1,0.7566558718681335
day_2048,1,1,0.7566558718681335
day_2048,1,1,0.45110244552294415
day_2048,1,1,0.7566558718681335
day_2048,1,1,0.45110244552294415
day_2048,1,1,0.7566558718681335
day_2048,1,1,0.45110244552294415
day_2048,1,1,0.45139170355266994
day_2048,1,1,0.45110244552294415
day_2048,1,1,0.7566558718681335
day_2048,1,1,0.7566558718681335
day_2048,1,1,0.7566558718681335
day_2048,1,1,0.45110244552294415
day_2048,1,1,0.45139170355266994
day_2048,1,1,0.45139170355266994
day_2048,1,1,0.45139170355266994
day_2048,1,1,0.45139170355266994
day_2048,1,1,0.7566558718681335
day_2048,1,1,0.45110244552294415
day_2048,1,1,0.45110244552294415
day_2048,1,1,0.7566558718681335
day_2048,1,1,0.45110244552294415
day_2048,1,1,0.45139170355266994
day_2048,1,1,0.40359367099073196
day_2048,1,1,0.7894755668110318
day_2048,1,1,0.7894755668110318
day_2048,1,1,0.489270634121365
day_2048,1,1,0.5880736708641052
day_2048,1,1,0.4716786974006229
day_2048,1,1,0.489270634121365
day_2048,1,1,0.5880736708641052
day_2048,1,1,0.4364279607931773
day_2048,1,1,0.7767558164066739
day_2048,1,1,0.5640296538670858
day_2048,1,1,0.7869726684358385
day_2048,1,1,0.7894755668110318
day_2048,1,1,0.489270634121365
day_2048,1,1,0.4716786974006229
day_2048,1,1,0.6953024864196777
day_2048,1,1,0.8560815585984124
day_2048,1,1,0.6953024864196777
day_2048,1,1,0.7869726684358385
day_2048,1,1,0.7869726684358385
day_2048,1,1,0.4716786974006229
day_2048,1,1,0.7894755668110318
day_2048,1,1,0.489270634121365
day_2048,1,1,0.8560815585984124
day_2048,1,1,0.8560815585984124
day_2048,1,1,0.4716786974006229
day_2048,1,1,0.5880736708641052
day_2048,1,1,0.40359367099073196
day_2048,1,1,0.7894755668110318
day_2048,1,1,0.5880736708641052
day_2048,1,1,0.7767558164066739
day_2048,1,1,0.583275232050154
day_2048,1,1,0.7894755668110318
day_2048,1,1,0.7767558164066739
day_2048,1,1,0.8560815585984124
day_2048,1,1,0.6953024864196777
day_2048,1,1,0.7767558164066739
day_2048,1,1,0.750940203666687
day_2048,1,1,0.750940203666687
day_2048,1,1,0.4219906959268782
day_2048,1,1,0.8965731859207153
day_2048,1,1,0.8965731859207153
day_2048,1,1,0.750940203666687
day_2048,1,1,0.8965731859207153
day_2048,1,1,0.750940203666687
day_2048,1,1,0.8965731859207153
day_2048,1,1,0.5400891800721487
day_2048,1,1,0.750940203666687
day_2048,1,1,0.5400891800721487
day_2048,1,1,0.4219906959268782
day_2048,1,1,0.4219906959268782
day_2048,1,1,0.5400891800721487
day_2048,1,1,0.8965731859207153
day_2048,1,1,0.750940203666687
day_2048,1,1,0.4219906959268782
day_2048,1,1,0.4219906959268782
day_2048,1,1,0.750940203666687
day_2048,1,1,0.4219906959268782
day_2048,1,1,0.4219906959268782
day_2048,1,1,0.4219906959268782
day_2048,1,1,0.5400891800721487
day_2048,1,1,0.750940203666687
day_2048,1,1,0.4219906959268782
day_2048,1,1,0.750940203666687
day_2048,1,1,0.750940203666687
day_2048,1,1,0.5400891800721487
day_2048,1,1,0.8965731859207153
day_2048,1,1,0.750940203666687
day_2048,1,1,0.750940203666687
day_2048,1,1,0.750940203666687
day_2048,1,1,0.5400891800721487
day_2048,1,1,0.8965731859207153
day_2048,1,1,0.5400891800721487
day_2048,1,1,0.4219906959268782
day_2048,1,1,0.6520246664683024
day_2048,1,1,0.6520246664683024
day_2048,1,1,0.6520246664683024
day_2048,1,1,0.6520246664683024
day_2048,1,1,0.6520246664683024
day_2048,1,1,0.6520246664683024
day_2048,1,1,0.6520246664683024
day_2048,1,1,0.6520246664683024
day_2048,1,1,0.6520246664683024
day_2048,1,1,0.6520246664683024
day_2048,1,1,0.6520246664683024
day_2048,1,1,0.6520246664683024
day_2048,1,1,0.6520246664683024
day_2048,1,1,0.6520246664683024
day_2048,1,1,0.6520246664683024
day_2048,1,1,0.6520246664683024
day_2048,1,1,0.6520246664683024
day_2048,1,1,0.6520246664683024
day_2048,1,1,0.6520246664683024
day_2048,1,1,0.6520246664683024
day_2048,1,1,0.6520246664683024
day_2048,1,1,0.6520246664683024
day_2048,1,1,0.6520246664683024
day_2048,1,1,0.6520246664683024
day_2048,1,1,0.6520246664683024
day_2048,1,1,0.6520246664683024
day_2048,1,1,0.6520246664683024
day_2048,1,1,0.6520246664683024
day_2048,1,1,0.6520246664683024
day_2048,1,1,0.6520246664683024
day_2048,1,1,0.6520246664683024
day_2048,1,1,0.6520246664683024
day_2048,1,1,0.6520246664683024
day_2048,1,1,0.6520246664683024
day_2048,1,1,0.6520246664683024
day_2048,1,1,0.6520246664683024
day_2048,1,1,0.6520246664683024
day_2048,1,1,0.2879505604505539
day_2048,1,1,0.2879505604505539
day_2048,1,1,0.4976998269557953
day_2048,1,1,0.4010108626551098
day_2048,1,1,0.4372786217265659
day_2048,1,1,0.47555141316519844
day_2048,1,1,0.468168533510632
day_2048,1,1,0.5624236133363512
day_2048,1,1,0.2716231925619973
day_2048,1,1,0.37919635739591384
day_2048,1,1,0.47555141316519844
day_2048,1,1,0.4372786217265659
day_2048,1,1,0.37919635739591384
day_2048,1,1,0.4372786217265659
day_2048,1,1,0.37919635739591384
day_2048,1,1,0.21353801091512045
day_2048,1,1,0.2716231925619973
day_2048,1,1,0.47555141316519844
day_2048,1,1,0.2879505604505539
day_2048,1,1,0.5767286287413703
day_2048,1,1,0.2716231925619973
day_2048,1,1,0.2879505604505539
day_2048,1,1,0.4976998269557953
day_2048,1,1,0.47555141316519844
day_2048,1,1,0.468168533510632
day_2048,1,1,0.2716231925619973
day_2048,1,1,0.2879505604505539
day_2048,1,1,0.4372786217265659
day_2048,1,1,0.2716231925619973
day_2048,1,1,0.5624236133363512
day_2048,1,1,0.47555141316519844
day_2048,1,1,0.4976998269557953
day_2048,1,1,0.5767286287413703
day_2048,1,1,0.47555141316519844
day_2048,1,1,0.4372786217265659
day_2048,1,1,0.21353801091512045
day_2048,1,1,0.21353801091512045
day_2048,1,1,0.8161929845809937
day_2048,1,1,0.8161929845809937
day_2048,1,1,0.4574429525269402
day_2048,1,1,0.4574429525269402
day_2048,1,1,0.4574429525269402
day_2048,1,1,0.4574429525269402
day_2048,1,1,0.4574429525269402
day_2048,1,1,0.4574429525269402
day_2048,1,1,0.8161929845809937
day_2048,1,1,0.8161929845809937
day_2048,1,1,0.4574429525269402
day_2048,1,1,0.4574429525269402
day_2048,1,1,0.8161929845809937
day_2048,1,1,0.4574429525269402
day_2048,1,1,0.8161929845809937
day_2048,1,1,0.4574429525269402
day_2048,1,1,0.4574429525269402
day_2048,1,1,0.4574429525269402
day_2048,1,1,0.4574429525269402
day_2048,1,1,0.8161929845809937
day_2048,1,1,0.4574429525269402
day_2048,1,1,0.8161929845809937
day_2048,1,1,0.8161929845809937
day_2048,1,1,0.4574429525269402
day_2048,1,1,0.8161929845809937
day_2048,1,1,0.4574429525269402
day_2048,1,1,0.4574429525269402
day_2048,1,1,0.8161929845809937
day_2048,1,1,0.4574429525269402
day_2048,1,1,0.8161929845809937
day_2048,1,1,0.8161929845809937
day_2048,1,1,0.4574429525269402
day_2048,1,1,0.8161929845809937
day_2048,1,1,0.8161929845809937
day_2048,1,1,0.8161929845809937
day_2048,1,1,0.8161929845809937
day_2048,1,1,0.8161929845809937
day_2048,1,1,0.5417215890354581
day_2048,1,1,0.21098760929372576
day_2048,1,1,0.8021962179077996
day_2048,1,1,0.21098760929372576
day_2048,1,1,0.4382955531279246
day_2048,1,1,0.5269827445348104
day_2048,1,1,0.21098760929372576
day_2048,1,1,0.7655695411894057
day_2048,1,1,0.5269827445348104
day_2048,1,1,0.21098760929372576
day_2048,1,1,0.5787043472131094
day_2048,1,1,0.21098760929372576
day_2048,1,1,0.7655695411894057
day_2048,1,1,0.8021962179077996
day_2048,1,1,0.21098760929372576
day_2048,1,1,0.8021962179077996
day_2048,1,1,0.5787043472131094
day_2048,1,1,0.5417215890354581
day_2048,1,1,0.8021962179077996
day_2048,1,1,0.8021962179077996
day_2048,1,1,0.4382955531279246
day_2048,1,1,0.7079079084926181
day_2048,1,1,0.3678920997513665
day_2048,1,1,0.4382955531279246
day_2048,1,1,0.7079079084926181
day_2048,1,1,0.8021962179077996
day_2048,1,1,0.21098760929372576
day_2048,1,1,0.7079079084926181
day_2048,1,1,0.8021962179077996
day_2048,1,1,0.4382955531279246
day_2048,1,1,0.3678920997513665
day_2048,1,1,0.4382955531279246
day_2048,1,1,0.5269827445348104
day_2048,1,1,0.5787043472131094
day_2048,1,1,0.7079079084926181
day_2048,1,1,0.7655695411894057
day_2048,1,1,0.5787043472131094
day_2048,1,1,0.5980912016497718
day_2048,1,1,0.5464276340272691
day_2048,1,1,0.7490140795707703
day_2048,1,1,0.7490140795707703
day_2048,1,1,0.7490140795707703
day_2048,1,1,0.920530809296502
day_2048,1,1,0.5464276340272691
day_2048,1,1,0.5464276340272691
day_2048,1,1,0.5464276340272691
day_2048,1,1,0.639453669389089
day_2048,1,1,0.7490140795707703
day_2048,1,1,0.5980912016497718
day_2048,1,1,0.5464276340272691
day_2048,1,1,0.5464276340272691
day_2048,1,1,0.5980912016497718
day_2048,1,1,0.7490140795707703
day_2048,1,1,0.5980912016497718
day_2048,1,1,0.5980912016497718
day_2048,1,1,0.7490140795707703
day_2048,1,1,0.920530809296502
day_2048,1,1,0.7490140795707703
day_2048,1,1,0.5980912016497718
day_2048,1,1,0.920530809296502
day_2048,1,1,0.5980912016497718
day_2048,1,1,0.5980912016497718
day_2048,1,1,0.5464276340272691
day_2048,1,1,0.5980912016497718
day_2048,1,1,0.7490140795707703
day_2048,1,1,0.5464276340272691
day_2048,1,1,0.7490140795707703
day_2048,1,1,0.9292211400138007
day_2048,1,1,0.5980912016497718
day_2048,1,1,0.5980912016497718
day_2048,1,1,0.639453669389089
day_2048,1,1,0.7490140795707703
day_2048,1,1,0.639453669389089
day_2048,1,1,0.9292211400138007
day_2048,1,1,0.7434854639901055
day_2048,1,1,0.7039127349853516
day_2048,1,1,0.7146052188343472
day_2048,1,1,0.7146052188343472
day_2048,1,1,0.6569452418221368
day_2048,1,1,0.7434854639901055
day_2048,1,1,0.7434854639901055
day_2048,1,1,0.23908019728130764
day_2048,1,1,0.7434854639901055
day_2048,1,1,0.5585361884699928
day_2048,1,1,0.5585361884699928
day_2048,1,1,0.6569452418221368
day_2048,1,1,0.7434854639901055
day_2048,1,1,0.7039127349853516
day_2048,1,1,0.5585361884699928
day_2048,1,1,0.7039127349853516
day_2048,1,1,0.7434854639901055
day_2048,1,1,0.7146052188343472
day_2048,1,1,0.23908019728130764
day_2048,1,1,0.7269496454132928
day_2048,1,1,0.23908019728130764
day_2048,1,1,0.6569452418221368
day_2048,1,1,0.7269496454132928
day_2048,1,1,0.7039127349853516
day_2048,1,1,0.6569452418221368
day_2048,1,1,0.7269496454132928
day_2048,1,1,0.5585361884699928
day_2048,1,1,0.7269496454132928
day_2048,1,1,0.7146052188343472
day_2048,1,1,0.23908019728130764
day_2048,1,1,0.7434854639901055
day_2048,1,1,0.5319419735007815
day_2048,1,1,0.23908019728130764
day_2048,1,1,0.23908019728130764
day_2048,1,1,0.5585361884699928
day_2048,1,1,0.7269496454132928
day_2048,1,1,0.5585361884699928
day_2048,1,1,0.8850139710638258
day_2048,1,1,0.8850139710638258
day_2048,1,1,0.8850139710638258
day_2048,1,1,0.8850139710638258
day_2048,1,1,0.8850139710638258
day_2048,1,1,0.8850139710638258
day_2048,1,1,0.8850139710638258
day_2048,1,1,0.8850139710638258
day_2048,1,1,0.8850139710638258
day_2048,1,1,0.8850139710638258
day_2048,1,1,0.8850139710638258
day_2048,1,1,0.8850139710638258
day_2048,1,1,0.8850139710638258
day_2048,1,1,0.8850139710638258
day_2048,1,1,0.8850139710638258
day_2048,1,1,0.8850139710638258
day_2048,1,1,0.8850139710638258
day_2048,1,1,0.8850139710638258
day_2048,1,1,0.8850139710638258
day_2048,1,1,0.8850139710638258
day_2048,1,1,0.8850139710638258
day_2048,1,1,0.8850139710638258
day_2048,1,1,0.8850139710638258
day_2048,1,1,0.8850139710638258
day_2048,1,1,0.8850139710638258
day_2048,1,1,0.8850139710638258
day_2048,1,1,0.8850139710638258
day_2048,1,1,0.8850139710638258
day_2048,1,1,0.8850139710638258
day_2048,1,1,0.8850139710638258
day_2048,1,1,0.8850139710638258
day_2048,1,1,0.8850139710638258
day_2048,1,1,0.8850139710638258
day_2048,1,1,0.8850139710638258
day_2048,1,1,0.8850139710638258
day_2048,1,1,0.8850139710638258
day_2048,1,1,0.8850139710638258
day_2048,1,1,0.32528159850173527
day_2048,1,1,0.6724360916349623
day_2048,1,1,0.6635326147079468
day_2048,1,1,0.4200119773546855
day_2048,1,1,0.5110083255502913
day_2048,1,1,0.6635326147079468
day_2048,1,1,0.6724360916349623
day_2048,1,1,0.6724360916349623
day_2048,1,1,0.3546682364410824
day_2048,1,1,0.45953647957907784
day_2048,1,1,0.5110083255502913
day_2048,1,1,0.3546682364410824
day_2048,1,1,0.6595343152681986
day_2048,1,1,0.41810132066408795
day_2048,1,1,0.6595343152681986
day_2048,1,1,0.5992661615212759
day_2048,1,1,0.34485529528723824
day_2048,1,1,0.33500759138001335
day_2048,1,1,0.3546682364410824
day_2048,1,1,0.41810132066408795
day_2048,1,1,0.5992661615212759
day_2048,1,1,0.4200119773546855
day_2048,1,1,0.5110083255502913
day_2048,1,1,0.5110083255502913
day_2048,1,1,0.32528159850173527
day_2048,1,1,0.5110083255502913
day_2048,1,1,0.45953647957907784
day_2048,1,1,0.4200119773546855
day_2048,1,1,0.3546682364410824
day_2048,1,1,0.6051825549867418
day_2048,1,1,0.41810132066408795
day_2048,1,1,0.6635326147079468
day_2048,1,1,0.4654938346809811
day_2048,1,1,0.41810132066408795
day_2048,1,1,0.3546682364410824
day_2048,1,1,0.33500759138001335
day_2048,1,1,0.6724360916349623
day_2048,1,1,0.5296470754676394
day_2048,1,1,0.36864781379699707
day_2048,1,1,0.7786030173301697
day_2048,1,1,0.7184085978402032
day_2048,1,1,0.4278692089849048
day_2048,1,1,0.36864781379699707
day_2048,1,1,0.6226526962386237
day_2048,1,1,0.3142775230937534
day_2048,1,1,0.6065402858787112
day_2048,1,1,0.4278692089849048
day_2048,1,1,0.7786030173301697
day_2048,1,1,0.7796632779969109
day_2048,1,1,0.6771740714708964
day_2048,1,1,0.6065402858787112
day_2048,1,1,0.6226526962386237
day_2048,1,1,0.6771740714708964
day_2048,1,1,0.36864781379699707
day_2048,1,1,0.6226526962386237
day_2048,1,1,0.42379428032371735
day_2048,1,1,0.4327266414960225
day_2048,1,1,0.7184085978402032
day_2048,1,1,0.3142775230937534
day_2048,1,1,0.36864781379699707
day_2048,1,1,0.42379428032371735
day_2048,1,1,0.4327266414960225
day_2048,1,1,0.4327266414960225
day_2048,1,1,0.42379428032371735
day_2048,1,1,0.7184085978402032
day_2048,1,1,0.42379428032371735
day_2048,1,1,0.6065402858787112
day_2048,1,1,0.7786030173301697
day_2048,1,1,0.6161460545327928
day_2048,1,1,0.5296470754676394
day_2048,1,1,0.8105282915963067
day_2048,1,1,0.7786030173301697
day_2048,1,1,0.4327266414960225
day_2048,1,1,0.7184085978402032
day_2048,1,1,0.6607034802436829
day_2048,1,1,0.6470864216486613
day_2048,1,1,0.22636084258556366
day_2048,1,1,0.7061664660771688
day_2048,1,1,0.7813666727807786
day_2048,1,1,0.306829786962933
day_2048,1,1,0.33874420324961346
day_2048,1,1,0.306829786962933
day_2048,1,1,0.496326959795422
day_2048,1,1,0.35248666339450413
day_2048,1,1,0.37048371301756966
day_2048,1,1,0.7061664660771688
day_2048,1,1,0.22636084258556366
day_2048,1,1,0.3570084869861603
day_2048,1,1,0.6607034802436829
day_2048,1,1,0.37048371301756966
day_2048,1,1,0.48643086353937787
day_2048,1,1,0.48643086353937787
day_2048,1,1,0.306829786962933
day_2048,1,1,0.48643086353937787
day_2048,1,1,0.6607034802436829
day_2048,1,1,0.22636084258556366
day_2048,1,1,0.33874420324961346
day_2048,1,1,0.13921656045648786
day_2048,1,1,0.35248666339450413
day_2048,1,1,0.37048371301756966
day_2048,1,1,0.306829786962933
day_2048,1,1,0.33874420324961346
day_2048,1,1,0.6607034802436829
day_2048,1,1,0.33874420324961346
day_2048,1,1,0.6470864216486613
day_2048,1,1,0.33874420324961346
day_2048,1,1,0.13921656045648786
day_2048,1,1,0.3570084869861603
day_2048,1,1,0.306829786962933
day_2048,1,1,0.6607034802436829
day_2048,1,1,0.35248666339450413
day_2048,1,1,0.24767733116944632
day_2048,1,1,0.695164958635966
day_2048,1,1,0.38145480884446037
day_2048,1,1,0.3014792005221049
day_2048,1,1,0.7767279413011339
day_2048,1,1,0.695164958635966
day_2048,1,1,0.3014792005221049
day_2048,1,1,0.695164958635966
day_2048,1,1,0.695164958635966
day_2048,1,1,0.38145480884446037
day_2048,1,1,0.7767279413011339
day_2048,1,1,0.7767279413011339
day_2048,1,1,0.38145480884446037
day_2048,1,1,0.3014792005221049
day_2048,1,1,0.6401619381374783
day_2048,1,1,0.5745919545491537
day_2048,1,1,0.695164958635966
day_2048,1,1,0.5745919545491537
day_2048,1,1,0.24767733116944632
day_2048,1,1,0.3014792005221049
day_2048,1,1,0.695164958635966
day_2048,1,1,0.6401619381374783
day_2048,1,1,0.695164958635966
day_2048,1,1,0.6401619381374783
day_2048,1,1,0.38145480884446037
day_2048,1,1,0.695164958635966
day_2048,1,1,0.7767279413011339
day_2048,1,1,0.7767279413011339
day_2048,1,1,0.5745919545491537
day_2048,1,1,0.38145480884446037
day_2048,1,1,0.6401619381374783
day_2048,1,1,0.695164958635966
day_2048,1,1,0.695164958635966
day_2048,1,1,0.695164958635966
day_2048,1,1,0.24767733116944632
day_2048,1,1,0.38145480884446037
day_2048,1,1,0.5745919545491537
day_2048,1,1,0.6897771755854288
day_2048,1,1,0.4461907810635037
day_2048,1,1,0.9551900890138414
day_2048,1,1,0.7669480906592475
day_2048,1,1,0.9551900890138414
day_2048,1,1,0.9529229137632582
day_2048,1,1,0.6897771755854288
day_2048,1,1,0.6897771755854288
day_2048,1,1,0.33450669050216675
day_2048,1,1,0.9529229137632582
day_2048,1,1,0.4461907810635037
day_2048,1,1,0.5205937094158597
day_2048,1,1,0.7669480906592475
day_2048,1,1,0.9551900890138414
day_2048,1,1,0.33450669050216675
day_2048,1,1,0.6897771755854288
day_2048,1,1,0.7669480906592475
day_2048,1,1,0.6897771755854288
day_2048,1,1,0.2626799874835544
day_2048,1,1,0.4461907810635037
day_2048,1,1,0.2626799874835544
day_2048,1,1,0.4461907810635037
day_2048,1,1,0.33450669050216675
day_2048,1,1,0.6897771755854288
day_2048,1,1,0.9551900890138414
day_2048,1,1,0.5205937094158597
day_2048,1,1,0.4461907810635037
day_2048,1,1,0.9551900890138414
day_2048,1,1,0.33450669050216675
day_2048,1,1,0.9529229137632582
day_2048,1,1,0.6897771755854288
day_2048,1,1,0.2626799874835544
day_2048,1,1,0.2626799874835544
day_2048,1,1,0.5205937094158597
day_2048,1,1,0.2626799874835544
day_2048,1,1,0.9529229137632582
day_2048,1,1,0.7669480906592475
day_2048,1,1,0.6638346513112386
day_2048,1,1,0.6638346513112386
day_2048,1,1,0.7741024692853292
day_2048,1,1,0.7741024692853292
day_2048,1,1,0.7741024692853292
day_2048,1,1,0.6638346513112386
day_2048,1,1,0.7741024692853292
day_2048,1,1,0.6638346513112386
day_2048,1,1,0.6638346513112386
day_2048,1,1,0.6638346513112386
day_2048,1,1,0.6638346513112386
day_2048,1,1,0.6638346513112386
day_2048,1,1,0.6638346513112386
day_2048,1,1,0.6638346513112386
day_2048,1,1,0.7741024692853292
day_2048,1,1,0.6638346513112386
day_2048,1,1,0.6638346513112386
day_2048,1,1,0.7741024692853292
day_2048,1,1,0.7741024692853292
day_2048,1,1,0.7741024692853292
day_2048,1,1,0.6638346513112386
day_2048,1,1,0.6638346513112386
day_2048,1,1,0.7741024692853292
day_2048,1,1,0.6638346513112386
day_2048,1,1,0.7741024692853292
day_2048,1,1,0.7741024692853292
day_2048,1,1,0.7741024692853292
day_2048,1,1,0.7741024692853292
day_2048,1,1,0.7741024692853292
day_2048,1,1,0.7741024692853292
day_2048,1,1,0.6638346513112386
day_2048,1,1,0.7741024692853292
day_2048,1,1,0.6638346513112386
day_2048,1,1,0.7741024692853292
day_2048,1,1,0.7741024692853292
day_2048,1,1,0.7741024692853292
day_2048,1,1,0.7741024692853292
day_2048,1,0,0.42574113607406616
day_2048,1,0,0.17822792463832432
day_2048,1,0,0.6853607495625814
day_2048,1,0,0.37739675409264034
day_2048,1,0,0.3494303094016181
day_2048,1,0,0.22164778245819938
day_2048,1,0,0.30701106124454075
day_2048,1,0,0.4255644687347942
day_2048,1,0,0.585668534040451
day_2048,1,0,0.5693708823786842
day_2048,1,0,0.34284815357791054
day_2048,1,0,0.5693708823786842
day_2048,1,0,0.40790993968645733
day_2048,1,0,0.40920576287640464
day_2048,1,0,0.28632057044241166
day_2048,1,0,0.15565822852982414
day_2048,1,0,0.5187885959943136
day_2048,1,0,0.19682318386104372
day_2048,1,0,0.4188866416613261
day_2048,1,0,0.6691059867540995
day_2048,1,0,0.46095473567644757
day_2048,1,0,0.48967692255973816
day_2048,1,0,0.37368904882007176
day_2048,1,0,0.5172638793786367
day_2048,1,0,0.30701106124454075
day_2048,1,0,0.2700567973984612
day_2048,1,0,0.6812620162963867
day_2048,1,0,0.5423029727405972
day_2048,1,0,0.1565514397290018
day_2048,1,0,0.28284309970008004
day_2048,1,0,0.23042685124609205
day_2048,1,0,0.6649607618649801
day_2048,1,0,0.28284309970008004
day_2048,1,0,0.6276404228475359
day_2048,1,0,0.6722739338874817
day_2048,1,0,0.5896058479944865
day_2048,1,0,0.5367477304405637
day_2048,1,0,0.15461300975746578
day_2048,1,0,0.15461300975746578
day_2048,1,0,0.8391474551624722
day_2048,1,0,0.4861496355798509
day_2048,1,0,0.34170323941442704
day_2048,1,0,0.5279622144169278
day_2048,1,0,0.5555077890555064
day_2048,1,0,0.15461300975746578
day_2048,1,0,0.79666182729933
day_2048,1,0,0.43678392469882965
day_2048,1,0,0.6923492617077298
day_2048,1,0,0.5203104350301955
day_2048,1,0,0.7711807423167758
day_2048,1,0,0.4031301902400123
day_2048,1,0,0.27682705223560333
day_2048,1,0,0.7711807423167758
day_2048,1,0,0.5841799742645688
day_2048,1,0,0.15461300975746578
day_2048,1,0,0.3956268032391866
day_2048,1,0,0.15461300975746578
day_2048,1,0,0.728429956568612
day_2048,1,0,0.15461300975746578
day_2048,1,0,0.26206284099155003
day_2048,1,0,0.3849916044208739
day_2048,1,0,0.31162451373206246
day_2048,1,0,0.15461300975746578
day_2048,1,0,0.15461300975746578
day_2048,1,0,0.6093510422441695
day_2048,1,0,0.4270780285199483
day_2048,1,0,0.45902589625782436
day_2048,1,0,0.15461300975746578
day_2048,1,0,0.42204483018981087
day_2048,1,0,0.15461300975746578
day_2048,1,0,0.4749245610502031
day_2048,1,0,0.7086245020230612
day_2048,1,0,0.6599336829450395
day_2048,1,0,0.15461300975746578
day_2048,1,0,0.14627501492698988
day_2048,1,0,0.3222629676262538
day_2048,1,0,0.16292130491799778
day_2048,1,0,0.19111468560165829
day_2048,1,0,0.37997784548335606
day_2048,1,0,0.19068076130416658
day_2048,1,0,0.3688724372122023
day_2048,1,0,0.664016005065706
day_2048,1,0,0.68040841155582
day_2048,1,0,0.4561193221145206
day_2048,1,0,0.5117923120657603
day_2048,1,0,0.3745601409011417
day_2048,1,0,0.45931431982252335
day_2048,1,0,0.712402449713813
day_2048,1,0,0.4603670967949761
day_2048,1,0,0.35320858822928536
day_2048,1,0,0.2907847348186705
day_2048,1,0,0.5130479468239678
day_2048,1,0,0.5137763023376465
day_2048,1,0,0.415797879298528
day_2048,1,0,0.4943007164531284
day_2048,1,0,0.6940551069047716
day_2048,1,0,0.45896780325306785
day_2048,1,0,0.1904468701945411
day_2048,1,0,0.7008586857053969
day_2048,1,0,0.3336788796716266
day_2048,1,0,0.39318131407101947
day_2048,1,0,0.2778288606140349
day_2048,1,0,0.4731978277365367
day_2048,1,0,0.40998637345102096
day_2048,1,0,0.40998637345102096
day_2048,1,0,0.49916931324534947
day_2048,1,0,0.4367954068713718
day_2048,1,0,0.6926127870877584
day_2048,1,0,0.7084916432698568
day_2048,1,0,0.4919244746367137
day_2048,1,0,0.5050069590409597
day_2048,1,0,0.43459055986669326
day_2048,1,0,0.25368614577584797
day_2048,1,0,0.10258689957360427
day_2048,1,0,0.24220917539464104
day_2048,1,0,0.2048198046783606
day_2048,1,0,0.10258689957360427
day_2048,1,0,0.2880693943136268
day_2048,1,0,0.43743085033363766
day_2048,1,0,0.3621123772528436
day_2048,1,0,0.1712872435649236
day_2048,1,0,0.4991861598359214
day_2048,1,0,0.26007896951503223
day_2048,1,0,0.10258689957360427
day_2048,1,0,0.5807220902707841
day_2048,1,0,0.43459055986669326
day_2048,1,0,0.27159372137652504
day_2048,1,0,0.24760759621858597
day_2048,1,0,0.4948914928568734
day_2048,1,0,0.5453627473778195
day_2048,1,0,0.22856296433342826
day_2048,1,0,0.10303544046150313
day_2048,1,0,0.28841111933191615
day_2048,1,0,0.5159755746523539
day_2048,1,0,0.20281890365812513
day_2048,1,0,0.1154542418403758
day_2048,1,0,0.15117030549380514
day_2048,1,0,0.3339000443617503
day_2048,1,0,0.33555952376789516
day_2048,1,0,0.13885906752612856
day_2048,1,0,0.3915472800532977
day_2048,1,0,0.3441791658600171
day_2048,1,0,0.4011451159086492
day_2048,1,0,0.18594245447052848
day_2048,1,0,0.4948914928568734
day_2048,1,0,0.10258689957360427
day_2048,1,0,0.6557961304982504
day_2048,1,0,0.10106069698101944
day_2048,1,0,0.1521079544391897
day_2048,1,0,0.4631924165619744
day_2048,1,0,0.3207964201768239
day_2048,1,0,0.4137527793645859
day_2048,1,0,0.47609620292981464
day_2048,1,0,0.3064587497048908
day_2048,1,0,0.4415714806980557
day_2048,1,0,0.3220479314525922
day_2048,1,0,0.45375462041960823
day_2048,1,0,0.25349834230211044
day_2048,1,0,0.33973001274797654
day_2048,1,0,0.3396552718347973
day_2048,1,0,0.6384138754672475
day_2048,1,0,0.25349834230211044
day_2048,1,0,0.5143237014611562
day_2048,1,0,0.38138291322522694
day_2048,1,0,0.4950755602783627
day_2048,1,0,0.4521910051504771
day_2048,1,0,0.8028295371267531
day_2048,1,0,0.5955860912799835
day_2048,1,0,0.4674496783150567
day_2048,1,0,0.19710836559534073
day_2048,1,0,0.27667982545163894
day_2048,1,0,0.5142548580964407
day_2048,1,0,0.26470301383071476
day_2048,1,0,0.5142548580964407
day_2048,1,0,0.5036414861679077
day_2048,1,0,0.1521079544391897
day_2048,1,0,0.4898577862315708
day_2048,1,0,0.37247248821788365
day_2048,1,0,0.2819548671444257
day_2048,1,0,0.3154174221886529
day_2048,1,0,0.47219767504268223
day_2048,1,0,0.35056544012493557
day_2048,1,0,0.38759226931465995
day_2048,1,0,0.3591993484232161
day_2048,1,0,0.27667982545163894
day_2048,1,0,0.10832186001870367
day_2048,1,0,0.1596328036652671
day_2048,1,0,0.15728853974077436
day_2048,1,0,0.5144378840923309
day_2048,1,0,0.22447453439235687
day_2048,1,0,0.5072173045741187
day_2048,1,0,0.6077486508422427
day_2048,1,0,0.12194671192102963
day_2048,1,0,0.1409913707110617
day_2048,1,0,0.3721632742219501
day_2048,1,0,0.09923174149460262
day_2048,1,0,0.17160890416966545
day_2048,1,0,0.569832487238778
day_2048,1,0,0.17653751207722557
day_2048,1,0,0.09216105813781421
day_2048,1,0,0.11371428105566236
day_2048,1,0,0.20433988091018465
day_2048,1,0,0.1409913707110617
day_2048,1,0,0.3229033648967743
day_2048,1,0,0.5798222505384021
day_2048,1,0,0.14451974175042576
day_2048,1,0,0.1638617143034935
day_2048,1,0,0.10836896548668544
day_2048,1,0,0.17252017888757917
day_2048,1,0,0.10477576860123211
day_2048,1,0,0.2189023627175225
day_2048,1,0,0.1662960938281483
day_2048,1,0,0.2450289006034533
day_2048,1,0,0.23198843167887795
day_2048,1,0,0.10836896548668544
day_2048,1,0,0.38493074973424274
day_2048,1,0,0.5990731318791708
day_2048,1,0,0.5987223353650835
day_2048,1,0,0.22257264289591047
day_2048,1,0,0.6521089606814914
day_2048,1,0,0.3658855077293184
day_2048,1,0,0.38493074973424274
day_2048,1,0,0.2915176037285063
day_2048,1,0,0.2438272527522511
day_2048,1,0,0.5793979697757297
day_2048,1,0,0.6425613496038649
day_2048,1,0,0.5875425173176659
day_2048,1,0,0.3597365766763687
day_2048,1,0,0.21502443651358286
day_2048,1,0,0.4092874295181698
day_2048,1,0,0.18977274952663314
day_2048,1,0,0.3164402147134145
day_2048,1,0,0.23759722047381931
day_2048,1,0,0.3341693530480067
day_2048,1,0,0.2821790013048384
day_2048,1,0,0.2570177929268943
day_2048,1,0,0.2847835620244344
day_2048,1,0,0.48432854149076676
day_2048,1,0,0.6683016022046407
day_2048,1,0,0.23625659528705809
day_2048,1,0,0.27296286986933815
day_2048,1,0,0.26259317331843907
day_2048,1,0,0.37712299823760986
day_2048,1,0,0.19012431883149677
day_2048,1,0,0.6526741915278964
day_2048,1,0,0.263776077164544
day_2048,1,0,0.4376540184020996
day_2048,1,0,0.555703752570682
day_2048,1,0,0.4416971537801955
day_2048,1,0,0.3646176689200931
day_2048,1,0,0.2552046957943175
day_2048,1,0,0.13090990111231804
day_2048,1,0,0.4114963942103916
day_2048,1,0,0.21766917407512665
day_2048,1,0,0.24375493244992363
day_2048,1,0,0.3497479574547874
day_2048,1,0,0.41494107246398926
day_2048,1,0,0.26292714807722306
day_2048,1,0,0.31805408332082963
day_2048,1,0,0.6649254825380113
day_2048,1,0,0.2315355439980825
day_2048,1,0,0.5759665601783328
day_2048,1,0,0.4816986686653561
day_2048,1,0,0.29239582187599605
day_2048,1,0,0.5085466901461283
day_2048,1,0,0.3658931785159641
day_2048,1,0,0.31539809372689986
day_2048,1,0,0.33432381682925755
day_2048,1,0,0.426829414235221
day_2048,1,0,0.344391090174516
day_2048,1,0,0.31101155446635353
day_2048,1,0,0.31101155446635353
day_2048,1,0,0.3048255029651854
day_2048,1,0,0.5380855633152856
day_2048,1,0,0.33412055091725457
day_2048,1,0,0.27810972763432396
day_2048,1,0,0.6639100975460477
day_2048,1,0,0.5485214756594764
day_2048,1,0,0.4314398898018731
day_2048,1,0,0.463679270611869
day_2048,1,0,0.463679270611869
day_2048,1,0,0.4664782186349233
day_2048,1,0,0.6232954131232368
day_2048,1,0,0.29239582187599605
day_2048,1,0,0.507546067237854
day_2048,1,0,0.5891435311900245
day_2048,1,0,0.4139392375946045
day_2048,1,0,0.6415286792649163
day_2048,1,0,0.3643655545181698
day_2048,1,0,0.5374006032943726
day_2048,1,0,0.30638567606608075
day_2048,1,0,0.2885865916808446
day_2048,1,0,0.5640948977735307
day_2048,1,0,0.23522777524259356
day_2048,1,0,0.43374576999081504
day_2048,1,0,0.42258913980589974
day_2048,1,0,0.2325819714201821
day_2048,1,0,0.1934372236331304
day_2048,1,0,0.2371781650516722
day_2048,1,0,0.5054480499691434
day_2048,1,0,0.2908756070666843
day_2048,1,0,0.5949655837482877
day_2048,1,0,0.8870904180738661
day_2048,1,0,0.5382950107256571
day_2048,1,0,0.39688634541299606
day_2048,1,0,0.2697419308953815
day_2048,1,0,0.17754131224420336
day_2048,1,0,0.1547529184155994
day_2048,1,0,0.4229038887553745
day_2048,1,0,0.5282387269867791
day_2048,1,0,0.5246023039023081
day_2048,1,0,0.513727542426851
day_2048,1,0,0.4410487843884362
day_2048,1,0,0.2321243468258116
day_2048,1,0,0.14725515618920326
day_2048,1,0,0.22239727278550467
day_2048,1,0,0.24528047442436218
day_2048,1,0,0.24292907863855362
day_2048,1,0,0.15732234509454834
day_2048,1,0,0.23991176982720694
day_2048,1,0,0.40220020876990425
day_2048,1,0,0.2551818225118849
day_2048,1,0,0.294479552242491
day_2048,1,0,0.27572592927349937
day_2048,1,0,0.40657229555977714
day_2048,1,0,0.21861141754521263
day_2048,1,0,0.5514738625950284
day_2048,1,0,0.28388218581676483
day_2048,1,0,0.31853390567832524
day_2048,1,0,0.45789491136868793
day_2048,1,0,0.31195908784866333
day_2048,1,0,0.24066378672917685
day_2048,1,0,0.31389957666397095
day_2048,1,0,0.62030561765035
day_2048,1,0,0.4004407359494103
day_2048,1,0,0.40673360228538513
day_2048,1,0,0.29286276466316646
day_2048,1,0,0.32507872581481934
day_2048,1,0,0.4644298288557265
day_2048,1,0,0.4097136937909656
day_2048,1,0,0.4892932441499498
day_2048,1,0,0.16362310532066557
day_2048,1,0,0.3255063560273912
day_2048,1,0,0.5733993384573195
day_2048,1,0,0.7239905529552035
day_2048,1,0,0.35822264353434247
day_2048,1,0,0.3333859427107705
day_2048,1,0,0.5471882058514489
day_2048,1,0,0.33496012290318805
day_2048,1,0,0.24501673960023457
day_2048,1,0,0.28364507191711
day_2048,1,0,0.45535769396358067
day_2048,1,0,0.3546340763568878
day_2048,1,0,0.5240670475694869
day_2048,1,0,0.13559234018127123
day_2048,1,0,0.1991985258128908
day_2048,1,0,0.20499993364016214
day_2048,1,0,0.2698882478806708
day_2048,1,0,0.4260018865267436
day_2048,1,0,0.7727486226293776
day_2048,1,0,0.3348809215757582
day_2048,1,0,0.7225684954060448
day_2048,1,0,0.40496458609898883
day_2048,1,0,0.4261402322186364
day_2048,1,0,0.3132314400540458
day_2048,1,0,0.24512926406330532
day_2048,1,0,0.4288436770439148
day_2048,1,0,0.2357532646920946
day_2048,1,0,0.14775419814719093
day_2048,1,0,0.6860045459535387
day_2048,1,0,0.2560168107350667
day_2048,1,0,0.2866622457901637
day_2048,1,0,0.45205528868569267
day_2048,1,0,0.21830818470981386
day_2048,1,0,0.21931315296226078
day_2048,1,0,0.3913995722929637
day_2048,1,0,0.38106827934583026
day_2048,1,0,0.5689057740900252
day_2048,1,0,0.6562447978390588
day_2048,1,0,0.34954268899228835
day_2048,1,0,0.3729966315958235
day_2048,1,0,0.1594722391002708
day_2048,1,0,0.6456559167967902
day_2048,1,0,0.481430752409829
day_2048,1,0,0.3954578704304165
day_2048,1,0,0.2387925303644604
day_2048,1,0,0.415113122926818
day_2048,1,0,0.26974646581543815
day_2048,1,0,0.8790710237291124
day_2048,1,0,0.5056414703528086
day_2048,1,0,0.6937107178899977
day_2048,1,0,0.599692208899392
day_2048,1,0,0.6008394459883372
day_2048,1,0,0.27510106397999656
day_2048,1,0,0.4200863540172577
day_2048,1,0,0.25521081851588356
day_2048,1,0,0.2859622554646598
day_2048,1,0,0.47054003013504875
day_2048,1,0,0.5021016432179345
day_2048,1,0,0.5352621740765042
day_2048,1,0,0.5848793221844567
day_2048,1,0,0.38106827934583026
day_2048,1,0,0.5629021657837762
day_2048,1,0,0.38032807658116025
day_2048,1,0,0.5026664270295037
day_2048,1,0,0.36951786279678345
day_2048,1,0,0.41472434169716305
day_2048,1,0,0.24330332378546396
day_2048,1,0,0.8905417919158936
day_2048,1,0,0.3869594070646498
day_2048,1,0,0.6944089399443732
day_2048,1,0,0.2488548681139946
day_2048,1,0,0.10290830499596065
day_2048,1,0,0.3832341863049401
day_2048,1,0,0.713187403149075
day_2048,1,0,0.6684108111593459
day_2048,1,0,0.6442480848895179
day_2048,1,0,0.22821678221225739
day_2048,1,0,0.6706795361306932
day_2048,1,0,0.4921100636323293
day_2048,1,0,0.24788301355308956
day_2048,1,0,0.3832341863049401
day_2048,1,0,0.6601431303554111
day_2048,1,0,0.7330865926212735
day_2048,1,0,0.10290830499596065
day_2048,1,0,0.411632443467776
day_2048,1,0,0.1909220798148049
day_2048,1,0,0.7272257010142008
day_2048,1,0,0.6442480848895179
day_2048,1,0,0.2488548681139946
day_2048,1,0,0.5151495503054725
day_2048,1,0,0.6127732396125793
day_2048,1,0,0.17507467046380043
day_2048,1,0,0.8905417919158936
day_2048,1,0,0.19629001948568556
day_2048,1,0,0.3644094384378857
day_2048,1,0,0.166656660536925
day_2048,1,0,0.47292019923528034
day_2048,1,0,0.4921100636323293
day_2048,1,0,0.7272257010142008
day_2048,1,0,0.20975036091274685
day_2048,1,0,0.5069137348069085
day_2048,1,0,0.10290830499596065
day_2048,1,0,0.4562115470568339
day_2048,1,0,0.24222918682628208
day_2048,1,0,0.11614651481310527
day_2048,1,0,0.2038926896121767
day_2048,1,0,0.21458252436584896
day_2048,1,0,0.24431714249981773
day_2048,1,0,0.15978774593936074
day_2048,1,0,0.2779516362481647
day_2048,1,0,0.1022151220175955
day_2048,1,0,0.23177900082535213
day_2048,1,0,0.7206646402676901
day_2048,1,0,0.38353117638164097
day_2048,1,0,0.6689185831281874
day_2048,1,0,0.16105744573805067
day_2048,1,0,0.13345293038421208
day_2048,1,0,0.4900515327850978
day_2048,1,0,0.1022151220175955
day_2048,1,0,0.26689811216460335
day_2048,1,0,0.5787417060799069
day_2048,1,0,0.19516521526707542
day_2048,1,0,0.2950379119979011
day_2048,1,0,0.22409045696258545
day_2048,1,0,0.3849150670899285
day_2048,1,0,0.5556824074851142
day_2048,1,0,0.40107231669955784
day_2048,1,0,0.20097865164279938
day_2048,1,0,0.17753684520721436
day_2048,1,0,0.22409045696258545
day_2048,1,0,0.19219280117087895
day_2048,1,0,0.184765401813719
day_2048,1,0,0.21117075284322104
day_2048,1,0,0.6991395288043551
day_2048,1,0,0.21979050669405195
day_2048,1,0,0.17405559370915094
day_2048,1,0,0.49198102619912887
day_2048,1,0,0.19537656671471065
day_2048,1,0,0.7668313052919176
day_2048,1,0,0.13123776018619537
day_2048,1,0,0.8680767350726657
day_2048,1,0,0.3690251078870561
day_2048,1,0,0.47140899300575256
day_2048,1,0,0.35156962606641984
day_2048,1,0,0.18388889564408195
day_2048,1,0,0.25829681091838413
day_2048,1,0,0.48096974028481376
day_2048,1,0,0.2565353926685121
day_2048,1,0,0.49692566527260673
day_2048,1,0,0.25834577944543624
day_2048,1,0,0.2486793945233027
day_2048,1,0,0.2531428833802541
day_2048,1,0,0.5776089992788103
day_2048,1,0,0.2531428833802541
day_2048,1,0,0.25060291919443345
day_2048,1,0,0.2947922729783588
day_2048,1,0,0.3670411143038008
day_2048,1,0,0.5788522693845961
day_2048,1,0,0.4678470955954658
day_2048,1,0,0.33462905552652145
day_2048,1,0,0.2900441371732288
day_2048,1,0,0.4343174497286479
day_2048,1,0,0.25060291919443345
day_2048,1,0,0.3389788799815708
day_2048,1,0,0.3919729987780253
day_2048,1,0,0.4637083676126268
day_2048,1,0,0.23526469783650505
day_2048,1,0,0.4131772021452586
day_2048,1,0,0.23526469783650505
day_2048,1,0,0.36340076227982837
day_2048,1,0,0.40659939580493504
day_2048,1,0,0.4816490113735199
day_2048,1,0,0.8685212002860175
day_2048,1,0,0.5290677415000068
day_2048,1,0,0.8575526939498054
day_2048,1,0,0.8131931159231398
day_2048,1,0,0.346119225025177
day_2048,1,0,0.2772319151295556
day_2048,1,0,0.6763283345434401
day_2048,1,0,0.2189731995264689
day_2048,1,0,0.23931627223889032
day_2048,1,0,0.17800076554218927
day_2048,1,0,0.23461872670385572
day_2048,1,0,0.28415192994806504
day_2048,1,0,0.1266945596370432
day_2048,1,0,0.2763962182733748
day_2048,1,0,0.9107009172439575
day_2048,1,0,0.3083044621679518
day_2048,1,0,0.6731893221537272
day_2048,1,0,0.2995749380853441
day_2048,1,0,0.2066049799323082
day_2048,1,0,0.1266945596370432
day_2048,1,0,0.6382700834009383
day_2048,1,0,0.3054107328255971
day_2048,1,0,0.46670548452271354
day_2048,1,0,0.5459575752417246
day_2048,1,0,0.21506211741103065
day_2048,1,0,0.2066049799323082
day_2048,1,0,0.495443410343594
day_2048,1,0,0.33323875069618225
day_2048,1,0,0.44542131159040665
day_2048,1,0,0.1266945596370432
day_2048,1,0,0.4513193633821275
day_2048,1,0,0.4265535937415229
day_2048,1,0,0.4349667165014479
day_2048,1,0,0.25186820493804085
day_2048,1,0,0.21738114042414558
day_2048,1,0,0.495443410343594
day_2048,1,0,0.33723096383942497
day_2048,1,0,0.6763283345434401
day_2048,1,0,0.28442657987276715
day_2048,1,0,0.8201502958933512
day_2048,1,0,0.7822878095838759
day_2048,1,0,0.27451686395539177
day_2048,1,0,0.40140675008296967
day_2048,1,0,0.3453436071674029
day_2048,1,0,0.37069662908713025
day_2048,1,0,0.40833215912183124
day_2048,1,0,0.44317494001653457
day_2048,1,0,0.3901018102963765
day_2048,1,0,0.2744308321012391
day_2048,1,0,0.47545510199334884
day_2048,1,0,0.3317979425191879
day_2048,1,0,0.4045847604672114
day_2048,1,0,0.4355189684364531
day_2048,1,0,0.25019212894969517
day_2048,1,0,0.19999938789341185
day_2048,1,0,0.6244453920258416
day_2048,1,0,0.530133894748158
day_2048,1,0,0.8835234840710958
day_2048,1,0,0.45082253217697144
day_2048,1,0,0.4049823797411389
day_2048,1,0,0.5664047367042966
day_2048,1,0,0.5280258556207021
day_2048,1,0,0.7477974428070916
day_2048,1,0,0.4911886155605316
day_2048,1,0,0.7561400764518313
day_2048,1,0,0.40232227245966595
day_2048,1,0,0.41152701609664494
day_2048,1,0,0.17234020969933933
day_2048,1,0,0.3420371512571971
day_2048,1,0,0.7362270288997226
day_2048,1,0,0.3462333182493846
day_2048,1,0,0.42562541365623474
day_2048,1,0,0.5511275562975142
day_2048,1,0,0.4049823797411389
day_2048,1,0,0.4393475453058879
day_2048,1,0,0.5144434803062015
day_2048,1,0,0.35614869660801357
day_2048,1,0,0.4392054147190518
day_2048,1,0,0.24447427855597603
day_2048,1,0,0.273350543446011
day_2048,1,0,0.5177729924519857
day_2048,1,0,0.5065628190835317
day_2048,1,0,0.15442944525016677
day_2048,1,0,0.5034805370701684
day_2048,1,0,0.2749802718559901
day_2048,1,0,0.4295557604895698
day_2048,1,0,0.15442944525016677
day_2048,1,0,0.23170333935154808
day_2048,1,0,0.1806737503243817
day_2048,1,0,0.5172094106674194
day_2048,1,0,0.44900091820293003
day_2048,1,0,0.7763693266444736
day_2048,1,0,0.4953659541077084
day_2048,1,0,0.4946192238065932
day_2048,1,0,0.44418494237793815
day_2048,1,0,0.2910614046785567
day_2048,1,0,0.4693855610158708
day_2048,1,0,0.15442944525016677
day_2048,1,0,0.48394593596458435
day_2048,1,0,0.708757738272349
day_2048,1,0,0.5068051815032959
day_2048,1,0,0.4110731912983788
day_2048,1,0,0.3185327135854297
day_2048,1,0,0.5183810889720917
day_2048,1,0,0.2896185600095325
day_2048,1,0,0.7839386297596825
day_2048,1,0,0.37787431809637284
day_2048,1,0,0.6294796334372627
day_2048,1,0,0.15442944525016677
day_2048,1,0,0.15442944525016677
day_2048,1,0,0.860547575685713
day_2048,1,0,0.3658186395963033
day_2048,1,0,0.6743890676233504
day_2048,1,0,0.4903925591044956
day_2048,1,0,0.15885485460360846
day_2048,1,0,0.4295557604895698
day_2048,1,0,0.48157084981600445
day_2048,1,0,0.44658686386214363
day_2048,1,0,0.2365138994322883
day_2048,1,0,0.24326878951655495
day_2048,1,0,0.1353507844938172
day_2048,1,0,0.20350442992316353
day_2048,1,0,0.3666660288969676
day_2048,1,0,0.34478889405727386
day_2048,1,0,0.5756919847594367
day_2048,1,0,0.28737591869301266
day_2048,1,0,0.4646250108877818
day_2048,1,0,0.19712600277529824
day_2048,1,0,0.7818592720561557
day_2048,1,0,0.36504073275460136
day_2048,1,0,0.27693435384167564
day_2048,1,0,0.7115036381615533
day_2048,1,0,0.3199902872244517
day_2048,1,0,0.49751995007197064
day_2048,1,0,0.5327330397235023
day_2048,1,0,0.6487508316834768
day_2048,1,0,0.33801982137891984
day_2048,1,0,0.21271231273810068
day_2048,1,0,0.3189464840624068
day_2048,1,0,0.3498373445537355
day_2048,1,0,0.40713072154257035
day_2048,1,0,0.38081477251317764
day_2048,1,0,0.40313007434209186
day_2048,1,0,0.1353507844938172
day_2048,1,0,0.3636343710952335
day_2048,1,0,0.5991040368874868
day_2048,1,0,0.31208920147683883
day_2048,1,0,0.4339272562000487
day_2048,1,0,0.46236802803145516
day_2048,1,0,0.8420902159478929
day_2048,1,0,0.42483700315157574
day_2048,1,0,0.48157084981600445
day_2048,1,0,0.17838800367381838
day_2048,1,0,0.6094833082622952
day_2048,1,0,0.5715362793869443
day_2048,1,0,0.2466967577735583
day_2048,1,0,0.32161573900116813
day_2048,1,0,0.27237746947341496
day_2048,1,0,0.5223545167181227
day_2048,1,0,0.3804078929954105
day_2048,1,0,0.37785668008857304
day_2048,1,0,0.6676327188809713
day_2048,1,0,0.6197310023837619
day_2048,1,0,0.2578676640987396
day_2048,1,0,0.20353770669963625
day_2048,1,0,0.3918832739194234
day_2048,1,0,0.3658815572659175
day_2048,1,0,0.43464770581987167
day_2048,1,0,0.6716879109541575
day_2048,1,0,0.6827633844481574
day_2048,1,0,0.1610412316189872
day_2048,1,0,0.5000787013106875
day_2048,1,0,0.27575867043601143
day_2048,1,0,0.5003293024169074
day_2048,1,0,0.5848278436395857
day_2048,1,0,0.5091358655028873
day_2048,1,0,0.24937037295765346
day_2048,1,0,0.22194462517897287
day_2048,1,0,0.24635899315277734
day_2048,1,0,0.49210305511951447
day_2048,1,0,0.1354914895362324
day_2048,1,0,0.266964433921708
day_2048,1,0,0.5253142217795054
day_2048,1,0,0.5563368101914724
day_2048,1,0,0.22012772493892246
day_2048,1,0,0.2788249005873998
day_2048,1,0,0.1374853654868073
day_2048,1,0,0.29477547771400875
day_2048,1,0,0.5710407164361742
day_2048,1,0,0.4349296573135588
day_2048,1,0,0.31140181091096664
day_2048,1,0,0.5660267571608225
day_2048,1,0,0.3120473010672463
day_2048,1,0,0.7111713621351454
day_2048,1,0,0.2055501937866211
day_2048,1,0,0.4034496645132701
day_2048,1,0,0.519642151064343
day_2048,1,0,0.2603084792693456
day_2048,1,0,0.2780923859940635
day_2048,1,0,0.1957271479898029
day_2048,1,0,0.24205080502563053
day_2048,1,0,0.28882210784488255
day_2048,1,0,0.3163188348213832
day_2048,1,0,0.46402225891749066
day_2048,1,0,0.5048689908451505
day_2048,1,0,0.604379779762692
day_2048,1,0,0.35707276397281223
day_2048,1,0,0.5258344742986891
day_2048,1,0,0.3120473010672463
day_2048,1,0,0.2014663832055198
day_2048,1,0,0.4795013897948795
day_2048,1,0,0.23790049387349022
day_2048,1,0,0.5789775020546384
day_2048,1,0,0.4523462156454722
day_2048,1,0,0.16846583659450212
day_2048,1,0,0.7488548358281454
day_2048,1,0,0.4669915305243598
day_2048,1,0,0.20243717067771488
day_2048,1,0,0.1578560910291142
day_2048,1,0,0.45866471860143876
day_2048,1,0,0.3584192726347182
day_2048,1,0,0.28777585095829433
day_2048,1,0,0.7569241987334357
day_2048,1,0,0.7550998197661506
day_2048,1,0,0.5556211670239767
day_2048,1,0,0.18340129281083742
day_2048,1,0,0.17992296525173718
day_2048,1,0,0.1556698228749964
day_2048,1,0,0.27114858312739265
day_2048,1,0,0.4418332013818953
day_2048,1,0,0.320164766576555
day_2048,1,0,0.6156230800681644
day_2048,1,0,0.7761479020118713
day_2048,1,0,0.4862598478794098
day_2048,1,0,0.2505371885167228
day_2048,1,0,0.5155289007557763
day_2048,1,0,0.30470914642016095
day_2048,1,0,0.480415983332528
day_2048,1,0,0.3631100489033593
day_2048,1,0,0.37873904903729755
day_2048,1,0,0.7664661208788554
day_2048,1,0,0.7170385718345642
day_2048,1,0,0.1556698228749964
day_2048,1,0,0.6089240776167976
day_2048,1,0,0.35340143409040237
day_2048,1,0,0.8164926833576627
day_2048,1,0,0.4332051740752326
day_2048,1,0,0.15903428941965103
day_2048,1,0,0.41864163014623856
day_2048,1,0,0.2004514808456103
day_2048,1,0,0.41849415169821846
day_2048,1,0,0.3005480302704705
day_2048,1,0,0.1676097090045611
day_2048,1,0,0.5548805826240115
day_2048,1,0,0.49766721659236485
day_2048,1,0,0.3005480302704705
day_2048,1,0,0.5884747505187988
day_2048,1,0,0.20970472196737924
day_2048,1,0,0.35417435235447353
day_2048,1,0,0.5337903698285421
day_2048,1,0,0.3961244589752621
day_2048,1,0,0.5515967938635085
day_2048,1,0,0.23419163872798285
day_2048,1,0,0.1556698228749964
day_2048,1,0,0.14851218172245556
day_2048,1,0,0.13433469293846023
day_2048,1,0,0.3010294967227512
day_2048,1,0,0.5937282906638252
day_2048,1,0,0.3888601292338636
day_2048,1,0,0.43955929908487534
day_2048,1,0,0.5951345827844408
day_2048,1,0,0.1030325951675574
day_2048,1,0,0.1634614293773969
day_2048,1,0,0.20226474106311798
day_2048,1,0,0.45003372099664474
day_2048,1,0,0.1924306576450666
day_2048,1,0,0.13962564493219057
day_2048,1,0,0.21792103432946736
day_2048,1,0,0.38068602979183197
day_2048,1,0,0.45922476053237915
day_2048,1,0,0.3643298496802648
day_2048,1,0,0.2078446870048841
day_2048,1,0,0.599253363079495
day_2048,1,0,0.3337807142072254
day_2048,1,0,0.4372332874271605
day_2048,1,0,0.5427035457558103
day_2048,1,0,0.1840960644185543
day_2048,1,0,0.6258656548129188
day_2048,1,0,0.1940268547170692
day_2048,1,0,0.459883881939782
day_2048,1,0,0.11579860498507817
day_2048,1,0,0.2781491147147285
day_2048,1,0,0.599253363079495
day_2048,1,0,0.5951345827844408
day_2048,1,0,0.2143391329381201
day_2048,1,0,0.5492976705233256
day_2048,1,0,0.6813326610459222
day_2048,1,0,0.349293084608184
day_2048,1,0,0.3651066381070349
day_2048,1,0,0.6405510173903571
day_2048,1,0,0.31940022359291714
day_2048,1,0,0.3803723156452179
day_2048,1,0,0.16403166908356878
day_2048,1,0,0.5916563537385728
day_2048,1,0,0.15665695940454802
day_2048,1,0,0.9249548514684042
day_2048,1,0,0.5737244188785553
day_2048,1,0,0.5312359995312161
day_2048,1,0,0.16430732193920347
day_2048,1,0,0.1650455246369044
day_2048,1,0,0.28109648989306557
day_2048,1,0,0.9184907211197747
day_2048,1,0,0.5775508383909861
day_2048,1,0,0.20124203628963894
day_2048,1,0,0.7828019791179233
day_2048,1,0,0.26362009677622056
day_2048,1,0,0.7000421219401889
day_2048,1,0,0.8792903555764092
day_2048,1,0,0.4338662458790673
day_2048,1,0,0.16509364545345306
day_2048,1,0,0.23151533471213448
day_2048,1,0,0.1666453294456005
day_2048,1,0,0.5517212748527527
day_2048,1,0,0.15937570648060906
day_2048,1,0,0.6495909889539083
day_2048,1,0,0.1687187080581983
day_2048,1,0,0.7677671843104892
day_2048,1,0,0.26362009677622056
day_2048,1,0,0.23580165041817558
day_2048,1,0,0.3327012326982286
day_2048,1,0,0.4892017642656962
day_2048,1,0,0.3910187979539235
day_2048,1,0,0.4783274233341217
day_2048,1,0,0.8884161247147454
day_2048,1,0,0.6136314868927002
day_2048,1,0,0.24783030649026236
day_2048,1,0,0.23297536124785742
day_2048,1,0,0.22845370570818582
day_2048,1,0,0.13054737365908092
day_2048,1,0,0.6539768046802945
day_2048,1,0,0.3266896473036872
day_2048,1,0,0.37062980731328327
day_2048,1,0,0.13054737365908092
day_2048,1,0,0.2689295510450999
day_2048,1,0,0.5038416849242316
day_2048,1,0,0.6768696440590752
day_2048,1,0,0.33021599882178837
day_2048,1,0,0.32545220024055904
day_2048,1,0,0.6629966696103414
day_2048,1,0,0.2237206366327074
day_2048,1,0,0.24002330170737374
day_2048,1,0,0.6979644099871317
day_2048,1,0,0.4822477168507046
day_2048,1,0,0.4314345982339647
day_2048,1,0,0.3795911173025767
day_2048,1,0,0.6564905941486359
day_2048,1,0,0.4932427704334259
day_2048,1,0,0.46803458862834507
day_2048,1,0,0.400295615196228
day_2048,1,0,0.20992489407459894
day_2048,1,0,0.9022897283236185
day_2048,1,0,0.2831512987613678
day_2048,1,0,0.20992489407459894
day_2048,1,0,0.6657658020655314
day_2048,1,0,0.41388508677482605
day_2048,1,0,0.3000856538613637
day_2048,1,0,0.3482716778914134
day_2048,1,0,0.44294095039367676
day_2048,1,0,0.23438549207316506
day_2048,1,0,0.39027390877405804
day_2048,1,0,0.35328084230422974
day_2048,1,0,0.44113215141826206
day_2048,1,0,0.3795911173025767
day_2048,1,0,0.707654145028856
day_2048,1,0,0.3787943340010113
day_2048,1,0,0.4725397593445248
day_2048,1,0,0.8114571240213182
day_2048,1,0,0.16088514485292965
day_2048,1,0,0.496896141105228
day_2048,1,0,0.24066335707902908
day_2048,1,0,0.16088514485292965
day_2048,1,0,0.16088514485292965
day_2048,1,0,0.16088514485292965
day_2048,1,0,0.16088514485292965
day_2048,1,0,0.16088514485292965
day_2048,1,0,0.16088514485292965
day_2048,1,0,0.7151102754804823
day_2048,1,0,0.1631829688946406
day_2048,1,0,0.17139079918464026
day_2048,1,0,0.32655930519104004
day_2048,1,0,0.22339491297801337
day_2048,1,0,0.7219589187039269
day_2048,1,0,0.45416122674942017
day_2048,1,0,0.7434580259852939
day_2048,1,0,0.9061106443405151
day_2048,1,0,0.6372789806789823
day_2048,1,0,0.2917700625128216
day_2048,1,0,0.223844975233078
day_2048,1,0,0.6980624927414788
day_2048,1,0,0.2925817171732585
day_2048,1,0,0.42685511377122665
day_2048,1,0,0.16088514485292965
day_2048,1,0,0.7434580259852939
day_2048,1,0,0.48394668102264404
day_2048,1,0,0.16088514485292965
day_2048,1,0,0.37883338663313126
day_2048,1,0,0.19466016276015174
day_2048,1,0,0.265827390882704
day_2048,1,0,0.2115094562371572
day_2048,1,0,0.16088514485292965
day_2048,1,0,0.42464230292373234
day_2048,1,0,0.6781979468133714
day_2048,1,0,0.19233325868844986
day_2048,1,0,0.2389315681325065
day_2048,1,0,0.4174746308061812
day_2048,1,0,0.4712513287862142
day_2048,1,0,0.7126985655890571
day_2048,1,0,0.6722072495354546
day_2048,1,0,0.2859693119923274
day_2048,1,0,0.4165717197789086
day_2048,1,0,0.6056411332554288
day_2048,1,0,0.3596179849571652
day_2048,1,0,0.5549720724423727
day_2048,1,0,0.3561265468597412
day_2048,1,0,0.27284687260786694
day_2048,1,0,0.6646567384401957
day_2048,1,0,0.2400749996304512
day_2048,1,0,0.45609107944700455
day_2048,1,0,0.3688298033343421
day_2048,1,0,0.43213088313738507
day_2048,1,0,0.4686431884765625
day_2048,1,0,0.4089249074459076
day_2048,1,0,0.4066170851389567
day_2048,1,0,0.19515104012356865
day_2048,1,0,0.7208211554421319
day_2048,1,0,0.17049703995386759
day_2048,1,0,0.6172035733858744
day_2048,1,0,0.2141463996635543
day_2048,1,0,0.22682977550559574
day_2048,1,0,0.45982685685157776
day_2048,1,0,0.19645467152198157
day_2048,1,0,0.6476678119765388
day_2048,1,0,0.3634483416875203
day_2048,1,0,0.24209894405470955
day_2048,1,0,0.5737684203518761
day_2048,1,0,0.42243627376026577
day_2048,1,0,0.4596554372045729
day_2048,1,0,0.5484324031405978
day_2048,1,0,0.27352411051591236
day_2048,1,0,0.5626310259103775
day_2048,1,0,0.16105560461680093
day_2048,1,0,0.6387611892488267
day_2048,1,0,0.4064912497997284
day_2048,1,0,0.29424291683567894
day_2048,1,0,0.35655934777524734
day_2048,1,0,0.19730781846576267
day_2048,1,0,0.5281773375140296
day_2048,1,0,0.34501053889592487
day_2048,1,0,0.26072245505121017
day_2048,1,0,0.28719092077679104
day_2048,1,0,0.38671526975101894
day_2048,1,0,0.48368290728992885
day_2048,1,0,0.36728160248862374
day_2048,1,0,0.3821931646929847
day_2048,1,0,0.3533001293738683
day_2048,1,0,0.5979237755139669
day_2048,1,0,0.17602738158570397
day_2048,1,0,0.5458970533476936
day_2048,1,0,0.5502267744806077
day_2048,1,0,0.5642030785481135
day_2048,1,0,0.5289602478345236
day_2048,1,0,0.4968494640456306
day_2048,1,0,0.2581501884592904
day_2048,1,0,0.18623133997122446
day_2048,1,0,0.31860047744380104
day_2048,1,0,0.3723185062408447
day_2048,1,0,0.364893098672231
day_2048,1,0,0.43632154001129997
day_2048,1,0,0.41182449128892684
day_2048,1,0,0.4733663499355316
day_2048,1,0,0.3158072614007526
day_2048,1,0,0.2760429067744149
day_2048,1,0,0.5292797618442111
day_2048,1,0,0.25582250621583724
day_2048,1,0,0.28558295634057784
day_2048,1,0,0.4326065182685852
day_2048,1,0,0.40141485300328994
day_2048,1,0,0.8416752947701348
day_2048,1,0,0.6515704062249925
day_2048,1,0,0.2747230761580997
day_2048,1,0,0.24332016044192845
day_2048,1,0,0.4406371803747283
day_2048,1,0,0.49390512042575413
day_2048,1,0,0.2603811389870114
day_2048,1,0,0.2801717188623216
day_2048,1,0,0.5572035676903195
day_2048,1,0,0.6236505111058553
day_2048,1,0,0.34206271171569824
day_2048,1,0,0.4702908860312568
day_2048,1,0,0.4119798375500573
day_2048,1,0,0.48432060910595787
day_2048,1,0,0.401138037443161
day_2048,1,0,0.2004275562034713
day_2048,1,0,0.37581333849165177
day_2048,1,0,0.8416752947701348
day_2048,1,0,0.23653972645600638
day_2048,1,0,0.3553240853879187
day_2048,1,0,0.207791601618131
day_2048,1,0,0.18459940867291558
day_2048,1,0,0.2700873696141773
day_2048,1,0,0.3989950948291355
day_2048,1,0,0.33805129759841496
day_2048,1,0,0.3615833984480964
day_2048,1,0,0.31197138296233284
day_2048,1,0,0.4831198851267497
day_2048,1,0,0.4848303629292382
day_2048,1,0,0.2955196441875564
day_2048,1,0,0.2680397695965237
day_2048,1,0,0.348367871509658
day_2048,1,0,0.44440194633271957
day_2048,1,0,0.677165624168184
day_2048,1,0,0.33825305766529506
day_2048,1,0,0.19253169331285688
day_2048,1,0,0.6070312394036187
day_2048,1,0,0.13025859536396134
day_2048,1,0,0.11849515843722555
day_2048,1,0,0.11849515843722555
day_2048,1,0,0.7470554908116659
day_2048,1,0,0.11849515843722555
day_2048,1,0,0.11849515843722555
day_2048,1,0,0.6125981642140282
day_2048,1,0,0.18970551010635164
day_2048,1,0,0.11849515843722555
day_2048,1,0,0.11849515843722555
day_2048,1,0,0.4839849571386973
day_2048,1,0,0.7058129707972208
day_2048,1,0,0.11849515843722555
day_2048,1,0,0.3765632112820943
day_2048,1,0,0.11849515843722555
day_2048,1,0,0.26655161215199363
day_2048,1,0,0.11849515843722555
day_2048,1,0,0.11849515843722555
day_2048,1,0,0.11849515843722555
day_2048,1,0,0.22808683415253958
day_2048,1,0,0.11849515843722555
day_2048,1,0,0.5503373642762502
day_2048,1,0,0.1848721077872647
day_2048,1,0,0.11849515843722555
day_2048,1,0,0.5986354251702627
day_2048,1,0,0.7440039184358385
day_2048,1,0,0.6764132512940301
day_2048,1,0,0.41204846402009326
day_2048,1,0,0.5178988542821672
day_2048,1,0,0.18035833330618012
day_2048,1,0,0.6775657335917155
day_2048,1,0,0.11849515843722555
day_2048,1,0,0.11849515843722555
day_2048,1,0,0.5668608082665337
day_2048,1,0,0.20021679790483582
day_2048,1,0,0.19000190496444702
day_2048,1,0,0.4005951980749766
day_2048,1,0,0.2678768187761307
day_2048,1,0,0.3545648091369205
day_2048,1,0,0.22494355506367153
day_2048,1,0,0.3988562789228227
day_2048,1,0,0.6121115982532501
day_2048,1,0,0.47217823730574715
day_2048,1,0,0.5315525664223565
day_2048,1,0,0.24974949823485482
day_2048,1,0,0.37314412660068935
day_2048,1,0,0.44953084488709766
day_2048,1,0,0.5812190737989213
day_2048,1,0,0.4586341083049774
day_2048,1,0,0.489976747168435
day_2048,1,0,0.25606290333800846
day_2048,1,0,0.44063931703567505
day_2048,1,0,0.3067365934451421
day_2048,1,0,0.4586341083049774
day_2048,1,0,0.607437531153361
day_2048,1,0,0.4517483280764686
day_2048,1,0,0.470229168732961
day_2048,1,0,0.3060148192776574
day_2048,1,0,0.3342164307832718
day_2048,1,0,0.4335530565844642
day_2048,1,0,0.38011368115743
day_2048,1,0,0.4335530565844642
day_2048,1,0,0.5103016528818343
day_2048,1,0,0.7750906878047519
day_2048,1,0,0.31692755553457475
day_2048,1,0,0.16602560629447302
day_2048,1,0,0.42557130919562447
day_2048,1,0,0.35025109847386676
day_2048,1,0,0.509034749534395
day_2048,1,0,0.6403752499156528
day_2048,1,0,0.3988562789228227
day_2048,1,0,0.31482332199811935
day_2048,1,0,0.2176960309346517
day_2048,1,0,0.6433955331643423
day_2048,1,0,0.6418730086750455
day_2048,1,0,0.5704954796367221
day_2048,1,0,0.4487140410476261
day_2048,1,0,0.45620545744895935
day_2048,1,0,0.6181808312733968
day_2048,1,0,0.4466966423723433
day_2048,1,0,0.15794002223345968
day_2048,1,0,0.3415175477663676
day_2048,1,0,0.3821089830663469
day_2048,1,0,0.9072028199831644
day_2048,1,0,0.2339854290088018
day_2048,1,0,0.16251271549198362
day_2048,1,0,0.3286666538980272
day_2048,1,0,0.40913981530401444
day_2048,1,0,0.4561326768663194
day_2048,1,0,0.4062102668815189
day_2048,1,0,0.16986366858084997
day_2048,1,0,0.2620037926567925
day_2048,1,0,0.2213582479291492
day_2048,1,0,0.24682727952798209
day_2048,1,0,0.9177819954024421
day_2048,1,0,0.30128545727994704
day_2048,1,0,0.24960239893860287
day_2048,1,0,0.32927533239126205
day_2048,1,0,0.44389483167065513
day_2048,1,0,0.7123418582810296
day_2048,1,0,0.6727727651596069
day_2048,1,0,0.4874409834543864
day_2048,1,0,0.5222384300496843
day_2048,1,0,0.22296697232458326
day_2048,1,0,0.3799413674407535
day_2048,1,0,0.3415114101436403
day_2048,1,0,0.35678743653827244
day_2048,1,0,0.28049952288468677
day_2048,1,0,0.15794002223345968
day_2048,1,0,0.22247101532088387
day_2048,1,0,0.4458414514859517
day_2048,1,0,0.4435797399944729
day_2048,1,0,0.1748013123869896
day_2048,1,0,0.4757685429520077
day_2048,1,0,0.17802782936228645
day_2048,1,0,0.4547821680704753
day_2048,1,0,0.454715308215883
day_2048,1,0,0.19807756940523782
day_2048,1,0,0.48181933495733476
day_2048,1,0,0.3770904541015625
day_2048,1,0,0.3337952088978555
day_2048,1,0,0.1627973516782125
day_2048,1,0,0.5310044487317404
day_2048,1,0,0.22367791169219547
day_2048,1,0,0.4696711732281579
day_2048,1,0,0.2500346911450227
day_2048,1,0,0.40432107117440963
day_2048,1,0,0.36413172549671596
day_2048,1,0,0.341841335925791
day_2048,1,0,0.21866605679194132
day_2048,1,0,0.26903045343028176
day_2048,1,0,0.18102213574780357
day_2048,1,0,0.6170745127730899
day_2048,1,0,0.4385855694611867
day_2048,1,0,0.494090156422721
day_2048,1,0,0.4580391181839837
day_2048,1,0,0.42434918218188816
day_2048,1,0,0.6049052741792467
day_2048,1,0,0.1819499192966355
day_2048,1,0,0.27865123003721237
day_2048,1,0,0.5290008584658304
day_2048,1,0,0.3414568528532982
day_2048,1,0,0.40194891227616203
day_2048,1,0,0.644796147942543
day_2048,1,0,0.4464981622166104
day_2048,1,0,0.454715308215883
day_2048,1,0,0.3261086924208535
day_2048,1,0,0.38918155431747437
day_2048,1,0,0.4582563837369283
day_2048,1,0,0.8080493277973599
day_2048,1,0,0.548392097155253
day_2048,1,0,0.395040781961547
day_2048,1,0,0.4932721753915151
day_2048,1,0,0.32469841837882996
day_2048,1,0,0.4651549160480499
day_2048,1,0,0.338869356446796
day_2048,1,0,0.4210943447219001
day_2048,1,0,0.30646951413816875
day_2048,1,0,0.2570047428210576
day_2048,1,0,0.29043575127919513
day_2048,1,0,0.31624266339672935
day_2048,1,0,0.5056655704975128
day_2048,1,0,0.6678006450335184
day_2048,1,0,0.2770908872286479
day_2048,1,0,0.337167900469568
day_2048,1,0,0.3114650249481201
day_2048,1,0,0.17749730870127678
day_2048,1,0,0.6659991078906589
day_2048,1,0,0.6016521255175272
day_2048,1,0,0.5765088068114387
day_2048,1,0,0.305958123670684
day_2048,1,0,0.7510999176237318
day_2048,1,0,0.18611427727672789
day_2048,1,0,0.37753112779723275
day_2048,1,0,0.38573692242304486
day_2048,1,0,0.15005443576309416
day_2048,1,0,0.3712984555297428
day_2048,1,0,0.38918155431747437
day_2048,1,0,0.42954442236158585
day_2048,1,0,0.33314139644304913
day_2048,1,0,0.6304577092329661
day_2048,1,0,0.288133689098888
day_2048,1,0,0.23984837283690771
day_2048,1,0,0.41808289620611405
day_2048,1,0,0.11289894332488377
day_2048,1,0,0.27191049688392216
day_2048,1,0,0.12816291799147925
day_2048,1,0,0.14874686714675692
day_2048,1,0,0.15354300373130375
day_2048,1,0,0.12461348788605796
day_2048,1,0,0.19415887859132555
day_2048,1,0,0.141660681201352
day_2048,1,0,0.17941396435101828
day_2048,1,0,0.141660681201352
day_2048,1,0,0.22672717687156466
day_2048,1,0,0.4878402782811059
day_2048,1,0,0.12816291799147925
day_2048,1,0,0.2148444743620025
day_2048,1,0,0.3372772948609458
day_2048,1,0,0.5724277165200975
day_2048,1,0,0.13716963885558975
day_2048,1,0,0.17503045250972113
day_2048,1,0,0.19415887859132555
day_2048,1,0,0.12816291799147925
day_2048,1,0,0.1296835198170609
day_2048,1,0,0.18849833723571566
day_2048,1,0,0.5402151619394621
day_2048,1,0,0.645991861820221
day_2048,1,0,0.48715129163530135
day_2048,1,0,0.15688215444485346
day_2048,1,0,0.3216237293349372
day_2048,1,0,0.23828123841020796
day_2048,1,0,0.344514442814721
day_2048,1,0,0.4801212615436978
day_2048,1,0,0.17005657570229638
day_2048,1,0,0.16424513856569925
day_2048,1,0,0.4076661765575409
day_2048,1,0,0.1451267074379656
day_2048,1,0,0.1558555844757292
day_2048,1,0,0.21128950847519767
day_2048,1,0,0.18849833723571566
day_2048,1,0,0.5215781264834933
day_2048,1,0,0.5215781264834933
day_2048,1,0,0.39256377352608574
day_2048,1,0,0.26569584508736926
day_2048,1,0,0.3077908042404387
day_2048,1,0,0.3077908042404387
day_2048,1,0,0.6203056938118405
day_2048,1,0,0.41349704729186165
day_2048,1,0,0.4572163273890813
day_2048,1,0,0.1983718184961213
day_2048,1,0,0.36911895788378185
day_2048,1,0,0.5725228091080984
day_2048,1,0,0.25955013434092206
day_2048,1,0,0.19360695282618204
day_2048,1,0,0.21685846149921417
day_2048,1,0,0.39132370551427204
day_2048,1,0,0.43093055486679077
day_2048,1,0,0.34469906157917446
day_2048,1,0,0.4830857366323471
day_2048,1,0,0.5017422470781538
day_2048,1,0,0.5918370385964712
day_2048,1,0,0.6117681198649936
day_2048,1,0,0.36612361669540405
day_2048,1,0,0.4554945230484009
day_2048,1,0,0.463184181186888
day_2048,1,0,0.7179297275013394
day_2048,1,0,0.473324050505956
day_2048,1,0,0.38990578386518693
day_2048,1,0,0.35694485902786255
day_2048,1,0,0.32016365892357296
day_2048,1,0,0.4285021987226274
day_2048,1,0,0.313095576233334
day_2048,1,0,0.6355792350239224
day_2048,1,0,0.5160806311501397
day_2048,1,0,0.3735552661948734
day_2048,1,0,0.37380873163541156
day_2048,1,0,0.1958212215039465
day_2048,1,0,0.5863486561510298
day_2048,1,0,0.7044438852204217
day_2048,1,0,0.6408789919482337
day_2048,1,0,0.3960552165905635
day_2048,1,0,0.3818752004040612
day_2048,1,0,0.23915252420637342
day_2048,1,0,0.4665348430474599
day_2048,1,0,0.2341935353146659
day_2048,1,0,0.41496797071562874
day_2048,1,0,0.5245537956555685
day_2048,1,0,0.5963908301459419
day_2048,1,0,0.3245026237434811
day_2048,1,0,0.4903276496463352
day_2048,1,0,0.3921655747625563
day_2048,1,0,0.21896195742819044
day_2048,1,0,0.37547370460298324
day_2048,1,0,0.3073332748479313
day_2048,1,0,0.6106660068035126
day_2048,1,0,0.21315106087260777
day_2048,1,0,0.2341815647151735
day_2048,1,0,0.5649339821603563
day_2048,1,0,0.5435605578952365
day_2048,1,0,0.13516110512945387
day_2048,1,0,0.23635640657610363
day_2048,1,0,0.39224231905407375
day_2048,1,0,0.49312059415711296
day_2048,1,0,0.21550087299611834
day_2048,1,0,0.32916192213694256
day_2048,1,0,0.5418325927522447
day_2048,1,0,0.40936483277214897
day_2048,1,0,0.30832283529970383
day_2048,1,0,0.2597086661391788
day_2048,1,0,0.31791185008154976
day_2048,1,0,0.7778524888886346
day_2048,1,0,0.3010503848393758
day_2048,1,0,0.5124223033587137
day_2048,1,0,0.6826487845844693
day_2048,1,0,0.2838352421919505
day_2048,1,0,0.37709078192710876
day_2048,1,0,0.35850861337449813
day_2048,1,0,0.3269401523802016
day_2048,1,0,0.7320079074965583
day_2048,1,0,0.3773620625336965
day_2048,1,0,0.7583018574449751
day_2048,1,0,0.7051051192813449
day_2048,1,0,0.6767370171017117
day_2048,1,0,0.5118865205181969
day_2048,1,0,0.7273987068070306
day_2048,1,0,0.43007973167631364
day_2048,1,0,0.35781744288073647
day_2048,1,0,0.22768856916162702
day_2048,1,0,0.5569589601622688
day_2048,1,0,0.3218241102165646
day_2048,1,0,0.5569589601622688
day_2048,1,0,0.2836753726005554
day_2048,1,0,0.4626025590631697
day_2048,1,0,0.33338905705346
day_2048,1,0,0.16206207954221302
day_2048,1,0,0.23693918022844526
day_2048,1,0,0.2354600810342365
day_2048,1,0,0.3079223483800888
day_2048,1,0,0.7445556985007392
day_2048,1,0,0.16155567889412245
day_2048,1,0,0.4677252305878533
day_2048,1,0,0.3053988135523266
day_2048,1,0,0.393295932147238
day_2048,1,0,0.3920379380385081
day_2048,1,0,0.7567432257864211
day_2048,1,0,0.3298381285534965
day_2048,1,0,0.7189178135659959
day_2048,1,0,0.7551348076926337
day_2048,1,0,0.4201490879058838
day_2048,1,0,0.1443123792608579
day_2048,1,0,0.2805851052204768
day_2048,1,0,0.48222616314888
day_2048,1,0,0.2108024735417631
day_2048,1,0,0.5296889940897623
day_2048,1,0,0.678214086426629
day_2048,1,0,0.23691894776291317
day_2048,1,0,0.23690100759267807
day_2048,1,0,0.5807012750042809
day_2048,1,0,0.18585477645198503
day_2048,1,0,0.4582940836747487
day_2048,1,0,0.5009950929217868
day_2048,1,0,0.15384598738617367
day_2048,1,0,0.7420692377620273
day_2048,1,0,0.4461350043614705
day_2048,1,0,0.2696921510828866
day_2048,1,0,0.27586788766913944
day_2048,1,0,0.4460774328973558
day_2048,1,0,0.18707239710622364
day_2048,1,0,0.4324338750706779
day_2048,1,0,0.43423595031102497
day_2048,1,0,0.6579826275507609
day_2048,1,0,0.3926718086004257
day_2048,1,0,0.2340953465965059
day_2048,1,0,0.33472754144006306
day_2048,1,0,0.3228312118185891
day_2048,1,0,0.2737461113267475
day_2048,1,0,0.5667322642273374
day_2048,1,0,0.3651357822948032
day_2048,1,0,0.5586233271492852
day_2048,1,0,0.43124478061993915
day_2048,1,0,0.5758622818522983
day_2048,1,0,0.39428354303042096
day_2048,1,0,0.5007110436757406
day_2048,1,0,0.2533731824821896
day_2048,1,0,0.25521572596497005
day_2048,1,0,0.2632368629177411
day_2048,1,0,0.6407459245787727
day_2048,1,0,0.3118237455685933
day_2048,1,0,0.37274181842803955
day_2048,1,0,0.37274181842803955
day_2048,1,0,0.37274181842803955
day_2048,1,0,0.37274181842803955
day_2048,1,0,0.37274181842803955
day_2048,1,0,0.37274181842803955
day_2048,1,0,0.7551384270191193
day_2048,1,0,0.37274181842803955
day_2048,1,0,0.37274181842803955
day_2048,1,0,0.6982895731925964
day_2048,1,0,0.37274181842803955
day_2048,1,0,0.37274181842803955
day_2048,1,0,0.37274181842803955
day_2048,1,0,0.37274181842803955
day_2048,1,0,0.37274181842803955
day_2048,1,0,0.5494970977306366
day_2048,1,0,0.37274181842803955
day_2048,1,0,0.5419822103447385
day_2048,1,0,0.37274181842803955
day_2048,1,0,0.37274181842803955
day_2048,1,0,0.37274181842803955
day_2048,1,0,0.37274181842803955
day_2048,1,0,0.37274181842803955
day_2048,1,0,0.37274181842803955
day_2048,1,0,0.37274181842803955
day_2048,1,0,0.37274181842803955
day_2048,1,0,0.3884750273492601
day_2048,1,0,0.37274181842803955
day_2048,1,0,0.37274181842803955
day_2048,1,0,0.37274181842803955
day_2048,1,0,0.37274181842803955
day_2048,1,0,0.3884750273492601
day_2048,1,0,0.37274181842803955
day_2048,1,0,0.37274181842803955
day_2048,1,0,0.6982895731925964
day_2048,1,0,0.37274181842803955
day_2048,1,0,0.37274181842803955
day_2048,1,0,0.23897314733929104
day_2048,1,0,0.10436434961027569
day_2048,1,0,0.5345898932880826
day_2048,1,0,0.43182192246119183
day_2048,1,0,0.3763561447461446
day_2048,1,0,0.6539935006035699
day_2048,1,0,0.5184866322411431
day_2048,1,0,0.6839150190353394
day_2048,1,0,0.5838822921117147
day_2048,1,0,0.18597410950395796
day_2048,1,0,0.49325265487035114
day_2048,1,0,0.4407670762803819
day_2048,1,0,0.24825493660238054
day_2048,1,0,0.11348499895797835
day_2048,1,0,0.5391836398177676
day_2048,1,0,0.5469663639863332
day_2048,1,0,0.1251695305109024
day_2048,1,0,0.4550313651561737
day_2048,1,0,0.4550313651561737
day_2048,1,0,0.4508834158380826
day_2048,1,0,0.4926311175028483
day_2048,1,0,0.10436434961027569
day_2048,1,0,0.6063173347049289
day_2048,1,0,0.41165437714921105
day_2048,1,0,0.1876077792710728
day_2048,1,0,0.1892822397251924
day_2048,1,0,0.7206106848186917
day_2048,1,0,0.44414795604017043
day_2048,1,0,0.18821136322286394
day_2048,1,0,0.10436434961027569
day_2048,1,0,0.5915349688794878
day_2048,1,0,0.6427399284309812
day_2048,1,0,0.13715217262506485
day_2048,1,0,0.1918518924050861
day_2048,1,0,0.5682558185524411
day_2048,1,0,0.24239798304107454
day_2048,1,0,0.5032864014307658
day_2048,1,0,0.4181712336010403
day_2048,1,0,0.14052534682883155
day_2048,1,0,0.5888818734221988
day_2048,1,0,0.48961765236324734
day_2048,1,0,0.3767099761300617
day_2048,1,0,0.18806273738543192
day_2048,1,0,0.4097626606623332
day_2048,1,0,0.40089431405067444
day_2048,1,0,0.14108404351605308
day_2048,1,0,0.6117515679862764
day_2048,1,0,0.6228891876008775
day_2048,1,0,0.6556889812151591
day_2048,1,0,0.1400594160788589
day_2048,1,0,0.27409807675414616
day_2048,1,0,0.3421495623058743
day_2048,1,0,0.3491456475522783
day_2048,1,0,0.5192240410380893
day_2048,1,0,0.26649971140755546
day_2048,1,0,0.27450865175988937
day_2048,1,0,0.6969047519895766
day_2048,1,0,0.4045555790265401
day_2048,1,0,0.23619363043043348
day_2048,1,0,0.2711578384041786
day_2048,1,0,0.5263324578603109
day_2048,1,0,0.45610550542672473
day_2048,1,0,0.11977883883648449
day_2048,1,0,0.6441982123586867
day_2048,1,0,0.140012605736653
day_2048,1,0,0.2654886489941014
day_2048,1,0,0.19195732639895546
day_2048,1,0,0.3283353133334054
day_2048,1,0,0.799077934688992
day_2048,1,0,0.3472941501273049
day_2048,1,0,0.25459124479028916
day_2048,1,0,0.460088398721483
day_2048,1,0,0.513912171125412
day_2048,1,0,0.5119232303566403
day_2048,1,0,0.09050892997119162
day_2048,1,0,0.0779567872070604
day_2048,1,0,0.16281155165698794
day_2048,1,0,0.4775433838367462
day_2048,1,0,0.6495298710134294
day_2048,1,0,0.1488332740134663
day_2048,1,0,0.08647356182336807
day_2048,1,0,0.14313888963725832
day_2048,1,0,0.38886585500505233
day_2048,1,0,0.09706682132350074
day_2048,1,0,0.14558273181319237
day_2048,1,0,0.08999376806120078
day_2048,1,0,0.09547824578152762
day_2048,1,0,0.08987999086578687
day_2048,1,0,0.3841081096066369
day_2048,1,0,0.13372835351361168
day_2048,1,0,0.13484774695502388
day_2048,1,0,0.5577957000997331
day_2048,1,0,0.540040565861596
day_2048,1,0,0.1588960679041015
day_2048,1,0,0.15103206121259266
day_2048,1,0,0.3433433373769124
day_2048,1,0,0.23923783169852364
day_2048,1,0,0.1460765910645326
day_2048,1,0,0.16938339463538593
day_2048,1,0,0.2953535198337502
day_2048,1,0,0.10502864585982429
day_2048,1,0,0.3841081096066369
day_2048,1,0,0.2826654894484414
day_2048,1,0,0.15915446687075827
day_2048,1,0,0.08896361167232196
day_2048,1,0,0.1926720216870308
day_2048,1,0,0.6382539338535733
day_2048,1,0,0.10226569159163369
day_2048,1,0,0.10141740490992864
day_2048,1,0,0.10362126719620493
day_2048,1,0,0.3579104509618547
day_2048,1,0,0.34861164622836643
day_2048,1,0,0.3800407581859165
day_2048,1,0,0.6236376431253221
day_2048,1,0,0.1714747610191504
day_2048,1,0,0.21592026700576147
day_2048,1,0,0.2893970020943218
day_2048,1,0,0.2893839759959115
day_2048,1,0,0.3678843279679616
day_2048,1,0,0.20463025487131542
day_2048,1,0,0.4306766291459401
day_2048,1,0,0.3542718787988027
day_2048,1,0,0.562550985150867
day_2048,1,0,0.17335952073335648
day_2048,1,0,0.4494831926292843
day_2048,1,0,0.395326339536243
day_2048,1,0,0.435543030500412
day_2048,1,0,0.4356139964527554
day_2048,1,0,0.3755887813038296
day_2048,1,0,0.4779253734482659
day_2048,1,0,0.35743814872370827
day_2048,1,0,0.3449030998680327
day_2048,1,0,0.35507624182436204
day_2048,1,0,0.7344401809904311
day_2048,1,0,0.3413841625054677
day_2048,1,0,0.49099312391546035
day_2048,1,0,0.4356139964527554
day_2048,1,0,0.285544302728441
day_2048,1,0,0.4935986598332723
day_2048,1,0,0.5281916724310981
day_2048,1,0,0.3081132744749387
day_2048,1,0,0.20418753971656164
day_2048,1,0,0.18423175935943922
day_2048,1,0,0.1714747610191504
day_2048,1,0,0.40214699175622726
day_2048,1,0,0.1714747610191504
day_2048,1,0,0.32689538929197526
day_2048,1,0,0.33070091406504315
day_2048,1,0,0.4896050989627838
day_2048,1,0,0.32520276721980834
day_2048,1,0,0.3151530888345506
day_2048,1,0,0.48875460856490666
day_2048,1,0,0.3881101608276367
day_2048,1,0,0.294154586063491
day_2048,1,0,0.49398046400811935
day_2048,1,0,0.4274363915125529
day_2048,1,0,0.5273758239216275
day_2048,1,0,0.2589053279823727
day_2048,1,0,0.2954823970794678
day_2048,1,0,0.45206069615152145
day_2048,1,0,0.4098847508430481
day_2048,1,0,0.2642943561077118
day_2048,1,0,0.43990032540427315
day_2048,1,0,0.4519423246383667
day_2048,1,0,0.7139184474945068
day_2048,1,0,0.39736032485961914
day_2048,1,0,0.5633305542998843
day_2048,1,0,0.4322807523939345
day_2048,1,0,0.43990032540427315
day_2048,1,0,0.5864517490069071
day_2048,1,0,0.6177863909138573
day_2048,1,0,0.43792496456040275
day_2048,1,0,0.26910284327136147
day_2048,1,0,0.2970875534746382
day_2048,1,0,0.2447238928741879
day_2048,1,0,0.4437473515669505
day_2048,1,0,0.3022891514831119
day_2048,1,0,0.3249080876509349
day_2048,1,0,0.5038865109284719
day_2048,1,0,0.509631895356708
day_2048,1,0,0.22407375855578315
day_2048,1,0,0.6127289301819272
day_2048,1,0,0.37827982505162555
day_2048,1,0,0.5070654882325066
day_2048,1,0,0.32417161597145927
day_2048,1,0,0.13721394538879395
day_2048,1,0,0.7157513433032565
day_2048,1,0,0.18887635982698864
day_2048,1,0,0.18455846110979715
day_2048,1,0,0.12140543469124371
day_2048,1,0,0.09820808139112261
day_2048,1,0,0.09820808139112261
day_2048,1,0,0.4254448248280419
day_2048,1,0,0.1569121554493904
day_2048,1,0,0.26317595607704586
day_2048,1,0,0.6073575682110257
day_2048,1,0,0.12375012702412075
day_2048,1,0,0.7280808289845785
day_2048,1,0,0.4254448248280419
day_2048,1,0,0.535952639248636
day_2048,1,0,0.11459604567951626
day_2048,1,0,0.6651395228173997
day_2048,1,0,0.38458770016829175
day_2048,1,0,0.2696465460790528
day_2048,1,0,0.6278120080629984
day_2048,1,0,0.10684618146883117
day_2048,1,0,0.3530806394086944
day_2048,1,0,0.4832804765966203
day_2048,1,0,0.3856622841623094
day_2048,1,0,0.24987886680497062
day_2048,1,0,0.5064009659820132
day_2048,1,0,0.36338065399063957
day_2048,1,0,0.493988037109375
day_2048,1,0,0.15712568081087536
day_2048,1,0,0.1927294126815266
day_2048,1,0,0.2032260944445928
day_2048,1,0,0.17965691950586107
day_2048,1,0,0.4212902635335922
day_2048,1,0,0.12144873994919989
day_2048,1,0,0.2628352989753087
day_2048,1,0,0.12579703372385767
day_2048,1,0,0.5556014842457242
day_2048,1,0,0.345084043012725
day_2048,1,0,0.8144244088066949
day_2048,1,0,0.4149188929133945
day_2048,1,0,0.3116697139210171
day_2048,1,0,0.2061772702468766
day_2048,1,0,0.30500665307044983
day_2048,1,0,0.4149188929133945
day_2048,1,0,0.4495042446586821
day_2048,1,0,0.254244112306171
day_2048,1,0,0.6314765612284342
day_2048,1,0,0.8922651675012376
day_2048,1,0,0.22355885141425663
day_2048,1,0,0.09702583278218906
day_2048,1,0,0.27904504868719315
day_2048,1,0,0.2613656487729814
day_2048,1,0,0.5322215888235304
day_2048,1,0,0.6803868148061964
day_2048,1,0,0.21046683523390028
day_2048,1,0,0.44591425193680656
day_2048,1,0,0.4133410288227929
day_2048,1,0,0.22196533613734776
day_2048,1,0,0.20055067704783547
day_2048,1,0,0.21706608600086635
day_2048,1,0,0.14545905176136228
day_2048,1,0,0.6504752006795671
day_2048,1,0,0.6161728700002035
day_2048,1,0,0.25600938498973846
day_2048,1,0,0.24164924191104042
day_2048,1,0,0.15151267581515843
day_2048,1,0,0.551285187403361
day_2048,1,0,0.18095581316285664
day_2048,1,0,0.14730147106779945
day_2048,1,0,0.49903488490316605
day_2048,1,0,0.25782883498403764
day_2048,1,0,0.7952460183037652
day_2048,1,0,0.6331456734074487
day_2048,1,0,0.16431321452061334
day_2048,1,0,0.4272605884406302
day_2048,1,0,0.24412414266003502
day_2048,1,0,0.5536912646558549
day_2048,1,0,0.4523813095357683
day_2048,1,0,0.14370105250014198
day_2048,1,0,0.3296875109275182
day_2048,1,0,0.579101519452201
day_2048,1,0,0.6806761688656278
day_2048,1,0,0.6063095861011081
day_2048,1,0,0.6023807426293691
day_2048,1,0,0.6281891034709083
day_2048,1,0,0.6240214970376756
day_2048,1,0,0.32369431356589
day_2048,1,0,0.35632913476890987
day_2048,1,0,0.5325509309768677
day_2048,1,0,0.19742250939210257
day_2048,1,0,0.29780815376175773
day_2048,1,0,0.6811215811305575
day_2048,1,0,0.1319818707803885
day_2048,1,0,0.12170017634828885
day_2048,1,0,0.2833835358421008
day_2048,1,0,0.2281758396161927
day_2048,1,0,0.46366514762242633
day_2048,1,0,0.20554613322019577
day_2048,1,0,0.5955900881025527
day_2048,1,0,0.5349760254224142
day_2048,1,0,0.2281758396161927
day_2048,1,0,0.6376122302479215
day_2048,1,0,0.6678774125046201
day_2048,1,0,0.23728296326266396
day_2048,1,0,0.48224840230411953
day_2048,1,0,0.6678774125046201
day_2048,1,0,0.2687046610646778
day_2048,1,0,0.48224840230411953
day_2048,1,0,0.48814323875639176
day_2048,1,0,0.22141092850102317
day_2048,1,0,0.816790070798662
day_2048,1,0,0.6711234781477187
day_2048,1,0,0.1471730669339498
day_2048,1,0,0.7870498763190376
day_2048,1,0,0.31955283880233765
day_2048,1,0,0.495022240612242
day_2048,1,0,0.24122167627016702
day_2048,1,0,0.39561425315009224
day_2048,1,0,0.1559022929933336
day_2048,1,0,0.12949656943480173
day_2048,1,0,0.39656005303064984
day_2048,1,0,0.3218693070941501
day_2048,1,0,0.2809228350718816
day_2048,1,0,0.1616711359885004
day_2048,1,0,0.32864529225561356
day_2048,1,0,0.22206664747662014
day_2048,1,0,0.4023265408145057
day_2048,1,0,0.16673414243592155
day_2048,1,0,0.5909614364306132
day_2048,1,0,0.28497565454906887
day_2048,1,0,0.6542296409606934
day_2048,1,0,0.22206664747662014
day_2048,1,0,0.12786244145698017
day_2048,1,0,0.25857678221331704
day_2048,1,0,0.2902779769566324
day_2048,1,0,0.3506661223040687
day_2048,1,0,0.5172929929362403
day_2048,1,0,0.495022240612242
day_2048,1,0,0.4333905180295308
day_2048,1,0,0.295503169298172
day_2048,1,0,0.31273875799443984
day_2048,1,0,0.4191851086086697
day_2048,1,0,0.3399958080715603
day_2048,1,0,0.5473539630572001
day_2048,1,0,0.3592667745219337
day_2048,1,0,0.846486445930269
day_2048,1,0,0.1928585171699524
day_2048,1,0,0.2761109520991643
day_2048,1,0,0.12439543236460951
day_2048,1,0,0.264717032512029
day_2048,1,0,0.13036978700094753
day_2048,1,0,0.11315227796634038
day_2048,1,0,0.13805275865727
day_2048,1,0,0.1066094765232669
day_2048,1,0,0.17583035512102974
day_2048,1,0,0.10633634196387397
day_2048,1,0,0.2647342309355736
day_2048,1,0,0.5367266999350654
day_2048,1,0,0.17607774668269688
day_2048,1,0,0.15835334443383747
day_2048,1,0,0.09012121831377347
day_2048,1,0,0.7390027211772071
day_2048,1,0,0.06903701358371311
day_2048,1,0,0.1534262096716298
day_2048,1,0,0.1599750974112087
day_2048,1,0,0.18406364942590395
day_2048,1,0,0.5755517052279578
day_2048,1,0,0.17607774668269688
day_2048,1,0,0.1380258169439104
day_2048,1,0,0.1652840334508154
day_2048,1,0,0.06903701358371311
day_2048,1,0,0.12439543236460951
day_2048,1,0,0.10633634196387397
day_2048,1,0,0.06903701358371311
day_2048,1,0,0.7390027211772071
day_2048,1,0,0.1599750974112087
day_2048,1,0,0.17607774668269688
day_2048,1,0,0.09012121831377347
day_2048,1,0,0.1711149364709854
day_2048,1,0,0.10734777318106757
day_2048,1,0,0.206625550157494
day_2048,1,0,0.3623984323607551
day_2048,1,0,0.06903701358371311
day_2048,1,0,0.43244125114546883
day_2048,1,0,0.06903701358371311
day_2048,1,0,0.3705971870157454
day_2048,1,0,0.5378528601593442
day_2048,1,0,0.5859096017148759
day_2048,1,0,0.4760744704140557
day_2048,1,0,0.14535055433710417
day_2048,1,0,0.6521467301580641
day_2048,1,0,0.3721656898657481
day_2048,1,0,0.25077145132753587
day_2048,1,0,0.3966217272811466
day_2048,1,0,0.34550683034790886
day_2048,1,0,0.22235343688064152
day_2048,1,0,0.28189141717222
day_2048,1,0,0.2402179083890385
day_2048,1,0,0.3570554422007667
day_2048,1,0,0.2402179083890385
day_2048,1,0,0.44252218471633065
day_2048,1,0,0.25501928561263615
day_2048,1,0,0.3583155754539702
day_2048,1,0,0.3966217272811466
day_2048,1,0,0.5330041216479408
day_2048,1,0,0.6663166218333774
day_2048,1,0,0.1544125142196814
day_2048,1,0,0.42900826533635456
day_2048,1,0,0.43003609114223057
day_2048,1,0,0.5359735853142209
day_2048,1,0,0.2730195422967275
day_2048,1,0,0.590301149421268
day_2048,1,0,0.24691148930125767
day_2048,1,0,0.1921155121591356
day_2048,1,0,0.5046924617555406
day_2048,1,0,0.14535055433710417
day_2048,1,0,0.37538057565689087
day_2048,1,0,0.6180806292427911
day_2048,1,0,0.26345832645893097
day_2048,1,0,0.3382663561238183
day_2048,1,0,0.28189141717222
day_2048,1,0,0.30171849330266315
day_2048,1,0,0.3077521059248183
day_2048,1,0,0.5003955894046359
day_2048,1,0,0.29960785143905216
day_2048,1,0,0.3638392769628101
day_2048,1,0,0.3953988088501824
day_2048,1,0,0.7740354537963867
day_2048,1,0,0.21236293183432686
day_2048,1,0,0.43326189120610553
day_2048,1,0,0.35378343363602954
day_2048,1,0,0.4736144542694092
day_2048,1,0,0.7340125110414293
day_2048,1,0,0.2960991809765498
day_2048,1,0,0.4228825668493907
day_2048,1,0,0.505515969461865
day_2048,1,0,0.33442386653688216
day_2048,1,0,0.2841154668066237
day_2048,1,0,0.27162235975265503
day_2048,1,0,0.23226268341143927
day_2048,1,0,0.39359457625283134
day_2048,1,0,0.3647903965579139
day_2048,1,0,0.6162635419103835
day_2048,1,0,0.4737846619553036
day_2048,1,0,0.7340125110414293
day_2048,1,0,0.5882540974352095
day_2048,1,0,0.2175929124156634
day_2048,1,0,0.6129323442776998
day_2048,1,0,0.37318753368324703
day_2048,1,0,0.6355539361635844
day_2048,1,0,0.5847872628106011
day_2048,1,0,0.5060974260171255
day_2048,1,0,0.42692546049753827
day_2048,1,0,0.3283986780378554
day_2048,1,0,0.3313583880662918
day_2048,1,0,0.5060974260171255
day_2048,1,0,0.2938557234075334
day_2048,1,0,0.3255309975809521
day_2048,1,0,0.6162635419103835
day_2048,1,0,0.2560546547174454
day_2048,1,0,0.17366164757145774
day_2048,1,0,0.2309263538983133
day_2048,1,0,0.7165850533379449
day_2048,1,0,0.5928974019156562
day_2048,1,0,0.24211735361152226
day_2048,1,0,0.5211970110734304
day_2048,1,0,0.25060101681285435
day_2048,1,0,0.37698835962348515
day_2048,1,0,0.45818008648024666
day_2048,1,0,0.6775929066869948
day_2048,1,0,0.24861403471893734
day_2048,1,0,0.23102465271949768
day_2048,1,0,0.5730391376548343
day_2048,1,0,0.6176349785592821
day_2048,1,0,0.7469913562138876
day_2048,1,0,0.4717594087123871
day_2048,1,0,0.2651800364255905
day_2048,1,0,0.3741135895252228
day_2048,1,0,0.2605511380566491
day_2048,1,0,0.2908346735768848
day_2048,1,0,0.2675050265259213
day_2048,1,0,0.1635962443219291
day_2048,1,0,0.40955031745963627
day_2048,1,0,0.24123725460635292
day_2048,1,0,0.6125016907850901
day_2048,1,0,0.46734922958744896
day_2048,1,0,0.3330216341548496
day_2048,1,0,0.35455380545722115
day_2048,1,0,0.5104381011592017
day_2048,1,0,0.3213810953829024
day_2048,1,0,0.5016537805398306
day_2048,1,0,0.2970936927530501
day_2048,1,0,0.4349086350864834
day_2048,1,0,0.5846283468935225
day_2048,1,0,0.40206196904182434
day_2048,1,0,0.4996514055464003
day_2048,1,0,0.407825811041726
day_2048,1,0,0.6683986783027649
day_2048,1,0,0.6656134393480089
day_2048,1,0,0.3860536813735962
day_2048,1,0,0.12877245826853645
day_2048,1,0,0.24342121349440682
day_2048,1,0,0.7013827761014303
day_2048,1,0,0.5909108585781522
day_2048,1,0,0.25614098873403335
day_2048,1,0,0.40440483225716484
day_2048,1,0,0.7628413107660081
day_2048,1,0,0.3424823499388165
day_2048,1,0,0.27643035848935443
day_2048,1,0,0.24246429403622946
day_2048,1,0,0.2661023620102141
day_2048,1,0,0.6030937400129106
day_2048,1,0,0.22311857177151573
day_2048,1,0,0.3657948755555683
day_2048,1,0,0.33388570116625893
day_2048,1,0,0.2878393621908294
day_2048,1,0,0.147288562109073
day_2048,1,0,0.42131611373689437
day_2048,1,0,0.30726219879256356
day_2048,1,0,0.17424953646130031
day_2048,1,0,0.2893819775846269
day_2048,1,0,0.21821686459912193
day_2048,1,0,0.1538181830611494
day_2048,1,0,0.28404810031255084
day_2048,1,0,0.6297699610392252
day_2048,1,0,0.22758818169434866
day_2048,1,0,0.39799365235699546
day_2048,1,0,0.14307504933741358
day_2048,1,0,0.5043522218863169
day_2048,1,0,0.3451935582690769
day_2048,1,0,0.16762755728430218
day_2048,1,0,0.19281751248571607
day_2048,1,0,0.24198078281349605
day_2048,1,0,0.12807307433750895
day_2048,1,0,0.4366622037357754
day_2048,1,0,0.31629392007986706
day_2048,1,0,0.34790168040328556
day_2048,1,0,0.3366296589374542
day_2048,1,0,0.350685715675354
day_2048,1,0,0.239780949221717
day_2048,1,0,0.3634403149286906
day_2048,1,0,0.5866774519284567
day_2048,1,0,0.3956235945224762
day_2048,1,0,0.320232833425204
day_2048,1,0,0.1495883460674021
day_2048,1,0,0.12807307433750895
day_2048,1,0,0.22433411909474266
day_2048,1,0,0.2521018286546071
day_2048,1,0,0.36515037881003487
day_2048,1,0,0.27374596893787384
day_2048,1,0,0.24360643492804634
day_2048,1,0,0.3788106408384111
day_2048,1,0,0.6910376946131388
day_2048,1,0,0.6970269680023193
day_2048,1,0,0.12807307433750895
day_2048,1,0,0.5022950834698148
day_2048,1,0,0.2629045529497994
day_2048,1,0,0.3692464298672146
day_2048,1,0,0.543173246913486
day_2048,1,0,0.3349202010366652
day_2048,1,0,0.36934415499369305
day_2048,1,0,0.42765065365367466
day_2048,1,0,0.2953069226609336
day_2048,1,0,0.19354621569315592
day_2048,1,0,0.12807307433750895
day_2048,1,0,0.17822208917803234
day_2048,1,0,0.4967009789413876
day_2048,1,0,0.2957783424192005
day_2048,1,0,0.3167354282405641
day_2048,1,0,0.688870284292433
day_2048,1,0,0.25749139653311837
day_2048,1,0,0.2547551169991493
day_2048,1,0,0.2177851605746481
day_2048,1,0,0.3393019023868773
day_2048,1,0,0.40981290075514054
day_2048,1,0,0.4383765823311276
day_2048,1,0,0.4078800198104646
day_2048,1,0,0.2521752185291714
day_2048,1,0,0.3132428485486243
day_2048,1,0,0.2952595088216994
day_2048,1,0,0.36767247981495327
day_2048,1,0,0.4827347464031643
day_2048,1,0,0.3327722168631024
day_2048,1,0,0.47036440173784894
day_2048,1,0,0.2177851605746481
day_2048,1,0,0.2944318850835164
day_2048,1,0,0.2598010119464662
day_2048,1,0,0.45022665957609814
day_2048,1,0,0.42856918772061664
day_2048,1,0,0.28410959409342873
day_2048,1,0,0.3885861121945911
day_2048,1,0,0.3033108909924825
day_2048,1,0,0.3681374241908391
day_2048,1,0,0.345960365401374
day_2048,1,0,0.26562751332918805
day_2048,1,0,0.2282553712526957
day_2048,1,0,0.42793718311521745
day_2048,1,0,0.48094959722624886
day_2048,1,0,0.23714315394560495
day_2048,1,0,0.22568813297483656
day_2048,1,0,0.25383180048730636
day_2048,1,0,0.694987071885003
day_2048,1,0,0.27132808334297603
day_2048,1,0,0.3264673236343596
day_2048,1,0,0.5252733164363437
day_2048,1,0,0.3149162613683277
day_2048,1,0,0.6468308435546027
day_2048,2,1,0.12189622968435287
day_2048,2,1,0.7790599200460646
day_2048,2,1,0.7790599200460646
day_2048,2,1,0.3522272788816028
day_2048,2,1,0.12189622968435287
day_2048,2,1,0.4215440551439921
day_2048,2,1,0.4215440551439921
day_2048,2,1,0.3522272788816028
day_2048,2,1,0.7790599200460646
day_2048,2,1,0.7693837119473351
day_2048,2,1,0.7790599200460646
day_2048,2,1,0.7016908526420593
day_2048,2,1,0.3522272788816028
day_2048,2,1,0.4215440551439921
day_2048,2,1,0.4215440551439921
day_2048,2,1,0.12189622968435287
day_2048,2,1,0.7790599200460646
day_2048,2,1,0.12189622968435287
day_2048,2,1,0.7529721922344632
day_2048,2,1,0.3522272788816028
day_2048,2,1,0.4215440551439921
day_2048,2,1,0.7529721922344632
day_2048,2,1,0.7693837119473351
day_2048,2,1,0.4215440551439921
day_2048,2,1,0.7693837119473351
day_2048,2,1,0.12189622968435287
day_2048,2,1,0.7529721922344632
day_2048,2,1,0.7529721922344632
day_2048,2,1,0.12189622968435287
day_2048,2,1,0.7693837119473351
day_2048,2,1,0.12189622968435287
day_2048,2,1,0.7790599200460646
day_2048,2,1,0.7529721922344632
day_2048,2,1,0.7016908526420593
day_2048,2,1,0.7529721922344632
day_2048,2,1,0.7790599200460646
day_2048,2,1,0.7790599200460646
day_2048,2,1,0.9386043945948283
day_2048,2,1,0.9218192829026116
day_2048,2,1,0.9218192829026116
day_2048,2,1,0.9218192829026116
day_2048,2,1,0.9386043945948283
day_2048,2,1,0.9386043945948283
day_2048,2,1,0.9386043945948283
day_2048,2,1,0.9218192829026116
day_2048,2,1,0.9218192829026116
day_2048,2,1,0.9386043945948283
day_2048,2,1,0.9218192829026116
day_2048,2,1,0.9218192829026116
day_2048,2,1,0.9386043945948283
day_2048,2,1,0.9386043945948283
day_2048,2,1,0.9218192829026116
day_2048,2,1,0.9218192829026116
day_2048,2,1,0.9386043945948283
day_2048,2,1,0.9386043945948283
day_2048,2,1,0.9386043945948283
day_2048,2,1,0.9386043945948283
day_2048,2,1,0.9386043945948283
day_2048,2,1,0.9218192829026116
day_2048,2,1,0.9386043945948283
day_2048,2,1,0.9386043945948283
day_2048,2,1,0.9386043945948283
day_2048,2,1,0.9386043945948283
day_2048,2,1,0.9218192829026116
day_2048,2,1,0.9386043945948283
day_2048,2,1,0.9386043945948283
day_2048,2,1,0.9386043945948283
day_2048,2,1,0.9386043945948283
day_2048,2,1,0.9218192829026116
day_2048,2,1,0.9386043945948283
day_2048,2,1,0.9386043945948283
day_2048,2,1,0.9218192829026116
day_2048,2,1,0.9218192829026116
day_2048,2,1,0.9386043945948283
day_2048,2,1,0.6844943430688646
day_2048,2,1,0.6686556471718682
day_2048,2,1,0.6844943430688646
day_2048,2,1,0.6844943430688646
day_2048,2,1,0.6844943430688646
day_2048,2,1,0.8217068447007073
day_2048,2,1,0.7399086356163025
day_2048,2,1,0.8217068447007073
day_2048,2,1,0.6686556471718682
day_2048,2,1,0.6844943430688646
day_2048,2,1,0.6844943430688646
day_2048,2,1,0.7399086356163025
day_2048,2,1,0.6844943430688646
day_2048,2,1,0.7399086356163025
day_2048,2,1,0.8217068447007073
day_2048,2,1,0.6686556471718682
day_2048,2,1,0.6686556471718682
day_2048,2,1,0.6844943430688646
day_2048,2,1,0.7399086356163025
day_2048,2,1,0.8217068447007073
day_2048,2,1,0.7399086356163025
day_2048,2,1,0.7399086356163025
day_2048,2,1,0.6844943430688646
day_2048,2,1,0.7399086356163025
day_2048,2,1,0.6844943430688646
day_2048,2,1,0.6686556471718682
day_2048,2,1,0.6844943430688646
day_2048,2,1,0.6686556471718682
day_2048,2,1,0.8217068447007073
day_2048,2,1,0.6686556471718682
day_2048,2,1,0.7399086356163025
day_2048,2,1,0.6844943430688646
day_2048,2,1,0.8217068447007073
day_2048,2,1,0.7399086356163025
day_2048,2,1,0.8217068447007073
day_2048,2,1,0.7399086356163025
day_2048,2,1,0.8217068447007073
day_2048,2,1,0.7413061857223511
day_2048,2,1,0.7848503523402743
day_2048,2,1,0.7848503523402743
day_2048,2,1,0.8427107069227431
day_2048,2,1,0.8427107069227431
day_2048,2,1,0.8427107069227431
day_2048,2,1,0.7413061857223511
day_2048,2,1,0.7413061857223511
day_2048,2,1,0.7848503523402743
day_2048,2,1,0.8427107069227431
day_2048,2,1,0.8427107069227431
day_2048,2,1,0.8427107069227431
day_2048,2,1,0.7848503523402743
day_2048,2,1,0.7413061857223511
day_2048,2,1,0.7413061857223511
day_2048,2,1,0.7848503523402743
day_2048,2,1,0.7848503523402743
day_2048,2,1,0.7413061857223511
day_2048,2,1,0.8427107069227431
day_2048,2,1,0.7413061857223511
day_2048,2,1,0.7413061857223511
day_2048,2,1,0.7413061857223511
day_2048,2,1,0.7848503523402743
day_2048,2,1,0.7413061857223511
day_2048,2,1,0.7848503523402743
day_2048,2,1,0.8427107069227431
day_2048,2,1,0.8427107069227431
day_2048,2,1,0.7413061857223511
day_2048,2,1,0.8427107069227431
day_2048,2,1,0.7413061857223511
day_2048,2,1,0.7413061857223511
day_2048,2,1,0.8427107069227431
day_2048,2,1,0.8427107069227431
day_2048,2,1,0.7413061857223511
day_2048,2,1,0.7413061857223511
day_2048,2,1,0.8427107069227431
day_2048,2,1,0.7848503523402743
day_2048,2,1,0.8880230188369751
day_2048,2,1,0.615793388750818
day_2048,2,1,0.615793388750818
day_2048,2,1,0.5505582789580027
day_2048,2,1,0.8501463863584731
day_2048,2,1,0.8501463863584731
day_2048,2,1,0.8387158314387003
day_2048,2,1,0.5505582789580027
day_2048,2,1,0.615793388750818
day_2048,2,1,0.41543997989760506
day_2048,2,1,0.615793388750818
day_2048,2,1,0.5505582789580027
day_2048,2,1,0.8880230188369751
day_2048,2,1,0.8387158314387003
day_2048,2,1,0.41543997989760506
day_2048,2,1,0.8501463863584731
day_2048,2,1,0.8880230188369751
day_2048,2,1,0.5275783307022519
day_2048,2,1,0.8501463863584731
day_2048,2,1,0.8387158314387003
day_2048,2,1,0.5505582789580027
day_2048,2,1,0.41543997989760506
day_2048,2,1,0.5275783307022519
day_2048,2,1,0.8501463863584731
day_2048,2,1,0.615793388750818
day_2048,2,1,0.8501463863584731
day_2048,2,1,0.5275783307022519
day_2048,2,1,0.5505582789580027
day_2048,2,1,0.5505582789580027
day_2048,2,1,0.5275783307022519
day_2048,2,1,0.8387158314387003
day_2048,2,1,0.41543997989760506
day_2048,2,1,0.41543997989760506
day_2048,2,1,0.615793388750818
day_2048,2,1,0.8501463863584731
day_2048,2,1,0.41543997989760506
day_2048,2,1,0.5275783307022519
day_2048,2,1,0.94863361120224
day_2048,2,1,0.94863361120224
day_2048,2,1,0.94863361120224
day_2048,2,1,0.94863361120224
day_2048,2,1,0.94863361120224
day_2048,2,1,0.94863361120224
day_2048,2,1,0.94863361120224
day_2048,2,1,0.94863361120224
day_2048,2,1,0.94863361120224
day_2048,2,1,0.94863361120224
day_2048,2,1,0.94863361120224
day_2048,2,1,0.94863361120224
day_2048,2,1,0.94863361120224
day_2048,2,1,0.94863361120224
day_2048,2,1,0.94863361120224
day_2048,2,1,0.94863361120224
day_2048,2,1,0.94863361120224
day_2048,2,1,0.94863361120224
day_2048,2,1,0.94863361120224
day_2048,2,1,0.94863361120224
day_2048,2,1,0.94863361120224
day_2048,2,1,0.94863361120224
day_2048,2,1,0.94863361120224
day_2048,2,1,0.94863361120224
day_2048,2,1,0.94863361120224
day_2048,2,1,0.94863361120224
day_2048,2,1,0.94863361120224
day_2048,2,1,0.94863361120224
day_2048,2,1,0.94863361120224
day_2048,2,1,0.94863361120224
day_2048,2,1,0.94863361120224
day_2048,2,1,0.94863361120224
day_2048,2,1,0.94863361120224
day_2048,2,1,0.94863361120224
day_2048,2,1,0.94863361120224
day_2048,2,1,0.94863361120224
day_2048,2,1,0.94863361120224
day_2048,2,1,0.6722929411464267
day_2048,2,1,0.7545101576381259
day_2048,2,1,0.893903050157759
day_2048,2,1,0.7545101576381259
day_2048,2,1,0.5298737751113044
day_2048,2,1,0.6722929411464267
day_2048,2,1,0.6722929411464267
day_2048,2,1,0.5298737751113044
day_2048,2,1,0.893903050157759
day_2048,2,1,0.6722929411464267
day_2048,2,1,0.5298737751113044
day_2048,2,1,0.7545101576381259
day_2048,2,1,0.5298737751113044
day_2048,2,1,0.893903050157759
day_2048,2,1,0.6722929411464267
day_2048,2,1,0.5298737751113044
day_2048,2,1,0.893903050157759
day_2048,2,1,0.5298737751113044
day_2048,2,1,0.7545101576381259
day_2048,2,1,0.6722929411464267
day_2048,2,1,0.7545101576381259
day_2048,2,1,0.5298737751113044
day_2048,2,1,0.7545101576381259
day_2048,2,1,0.5298737751113044
day_2048,2,1,0.893903050157759
day_2048,2,1,0.6722929411464267
day_2048,2,1,0.6722929411464267
day_2048,2,1,0.893903050157759
day_2048,2,1,0.5298737751113044
day_2048,2,1,0.893903050157759
day_2048,2,1,0.7545101576381259
day_2048,2,1,0.7545101576381259
day_2048,2,1,0.893903050157759
day_2048,2,1,0.6722929411464267
day_2048,2,1,0.893903050157759
day_2048,2,1,0.5298737751113044
day_2048,2,1,0.6722929411464267
day_2048,2,1,0.8376234968503317
day_2048,2,1,0.9661791655752394
day_2048,2,1,0.5865700476699405
day_2048,2,1,0.5865700476699405
day_2048,2,1,0.42852702736854553
day_2048,2,1,0.5165968736012777
day_2048,2,1,0.9661791655752394
day_2048,2,1,0.8376234968503317
day_2048,2,1,0.5165968736012777
day_2048,2,1,0.5865700476699405
day_2048,2,1,0.9661791655752394
day_2048,2,1,0.5865700476699405
day_2048,2,1,0.42852702736854553
day_2048,2,1,0.8376234968503317
day_2048,2,1,0.5865700476699405
day_2048,2,1,0.8376234968503317
day_2048,2,1,0.5865700476699405
day_2048,2,1,0.42852702736854553
day_2048,2,1,0.5165968736012777
day_2048,2,1,0.42852702736854553
day_2048,2,1,0.42852702736854553
day_2048,2,1,0.9661791655752394
day_2048,2,1,0.5865700476699405
day_2048,2,1,0.8376234968503317
day_2048,2,1,0.5865700476699405
day_2048,2,1,0.42852702736854553
day_2048,2,1,0.5165968736012777
day_2048,2,1,0.9661791655752394
day_2048,2,1,0.5165968736012777
day_2048,2,1,0.5865700476699405
day_2048,2,1,0.9661791655752394
day_2048,2,1,0.5165968736012777
day_2048,2,1,0.5865700476699405
day_2048,2,1,0.42852702736854553
day_2048,2,1,0.9661791655752394
day_2048,2,1,0.42852702736854553
day_2048,2,1,0.5165968736012777
day_2048,2,1,0.1527991054786576
day_2048,2,1,0.6538799206415812
day_2048,2,1,0.9120574990908304
day_2048,2,1,0.9120574990908304
day_2048,2,1,0.9531990620825026
day_2048,2,1,0.1527991054786576
day_2048,2,1,0.9120574990908304
day_2048,2,1,0.6538799206415812
day_2048,2,1,0.32736747794681126
day_2048,2,1,0.32736747794681126
day_2048,2,1,0.6538799206415812
day_2048,2,1,0.5101125240325928
day_2048,2,1,0.9120574990908304
day_2048,2,1,0.32736747794681126
day_2048,2,1,0.9120574990908304
day_2048,2,1,0.32736747794681126
day_2048,2,1,0.32736747794681126
day_2048,2,1,0.5101125240325928
day_2048,2,1,0.32736747794681126
day_2048,2,1,0.5101125240325928
day_2048,2,1,0.9342401756180657
day_2048,2,1,0.9342401756180657
day_2048,2,1,0.1527991054786576
day_2048,2,1,0.9531990620825026
day_2048,2,1,0.9342401756180657
day_2048,2,1,0.5101125240325928
day_2048,2,1,0.32736747794681126
day_2048,2,1,0.9531990620825026
day_2048,2,1,0.5101125240325928
day_2048,2,1,0.1527991054786576
day_2048,2,1,0.6538799206415812
day_2048,2,1,0.9120574990908304
day_2048,2,1,0.9120574990908304
day_2048,2,1,0.9342401756180657
day_2048,2,1,0.5101125240325928
day_2048,2,1,0.9342401756180657
day_2048,2,1,0.6538799206415812
day_2048,2,1,0.6434828440348307
day_2048,2,1,0.32830843826135
day_2048,2,1,0.3709670305252075
day_2048,2,1,0.39610698653592
day_2048,2,1,0.304989835454358
day_2048,2,1,0.32830843826135
day_2048,2,1,0.26866352475351757
day_2048,2,1,0.3137405282921261
day_2048,2,1,0.33472682701216805
day_2048,2,1,0.32830843826135
day_2048,2,1,0.39610698653592
day_2048,2,1,0.6434828440348307
day_2048,2,1,0.39610698653592
day_2048,2,1,0.39610698653592
day_2048,2,1,0.5353792938921187
day_2048,2,1,0.33472682701216805
day_2048,2,1,0.6546819706757864
day_2048,2,1,0.5353792938921187
day_2048,2,1,0.40512072708871627
day_2048,2,1,0.5687051779694028
day_2048,2,1,0.5353792938921187
day_2048,2,1,0.26866352475351757
day_2048,2,1,0.20475976334677803
day_2048,2,1,0.4701908661259545
day_2048,2,1,0.4674520161416795
day_2048,2,1,0.20475976334677803
day_2048,2,1,0.20475976334677803
day_2048,2,1,0.20475976334677803
day_2048,2,1,0.24092251393530104
day_2048,2,1,0.6546819706757864
day_2048,2,1,0.3709670305252075
day_2048,2,1,0.4674520161416795
day_2048,2,1,0.26866352475351757
day_2048,2,1,0.32830843826135
day_2048,2,1,0.6434828440348307
day_2048,2,1,0.4701908661259545
day_2048,2,1,0.33472682701216805
day_2048,2,1,0.7857678466373019
day_2048,2,1,0.7857678466373019
day_2048,2,1,0.41532571117083233
day_2048,2,1,0.7857678466373019
day_2048,2,1,0.7857678466373019
day_2048,2,1,0.8909317122565376
day_2048,2,1,0.42086900936232674
day_2048,2,1,0.8816774288813273
day_2048,2,1,0.6427305307653215
day_2048,2,1,0.8909317122565376
day_2048,2,1,0.41532571117083233
day_2048,2,1,0.8695548375447592
day_2048,2,1,0.6427305307653215
day_2048,2,1,0.8816774288813273
day_2048,2,1,0.8909317122565376
day_2048,2,1,0.8695548375447592
day_2048,2,1,0.38742409812079537
day_2048,2,1,0.8909317122565376
day_2048,2,1,0.7012884418169657
day_2048,2,1,0.8816774288813273
day_2048,2,1,0.8695548375447592
day_2048,2,1,0.5030585063828362
day_2048,2,1,0.6427305307653215
day_2048,2,1,0.8695548375447592
day_2048,2,1,0.38742409812079537
day_2048,2,1,0.42086900936232674
day_2048,2,1,0.42086900936232674
day_2048,2,1,0.8909317122565376
day_2048,2,1,0.5030585063828362
day_2048,2,1,0.8695548375447592
day_2048,2,1,0.38742409812079537
day_2048,2,1,0.8909317122565376
day_2048,2,1,0.8695548375447592
day_2048,2,1,0.7857678466373019
day_2048,2,1,0.7012884418169657
day_2048,2,1,0.8909317122565376
day_2048,2,1,0.5030585063828362
day_2048,2,1,0.9316714074876573
day_2048,2,1,0.9316714074876573
day_2048,2,1,0.9316714074876573
day_2048,2,1,0.9316714074876573
day_2048,2,1,0.9316714074876573
day_2048,2,1,0.9316714074876573
day_2048,2,1,0.9316714074876573
day_2048,2,1,0.9316714074876573
day_2048,2,1,0.9316714074876573
day_2048,2,1,0.9316714074876573
day_2048,2,1,0.9316714074876573
day_2048,2,1,0.9316714074876573
day_2048,2,1,0.9316714074876573
day_2048,2,1,0.9316714074876573
day_2048,2,1,0.9316714074876573
day_2048,2,1,0.9316714074876573
day_2048,2,1,0.9316714074876573
day_2048,2,1,0.9316714074876573
day_2048,2,1,0.9316714074876573
day_2048,2,1,0.9316714074876573
day_2048,2,1,0.9316714074876573
day_2048,2,1,0.9316714074876573
day_2048,2,1,0.9316714074876573
day_2048,2,1,0.9316714074876573
day_2048,2,1,0.9316714074876573
day_2048,2,1,0.9316714074876573
day_2048,2,1,0.9316714074876573
day_2048,2,1,0.9316714074876573
day_2048,2,1,0.9316714074876573
day_2048,2,1,0.9316714074876573
day_2048,2,1,0.9316714074876573
day_2048,2,1,0.9316714074876573
day_2048,2,1,0.9316714074876573
day_2048,2,1,0.9316714074876573
day_2048,2,1,0.9316714074876573
day_2048,2,1,0.9316714074876573
day_2048,2,1,0.9316714074876573
day_2048,2,1,0.7714417510562472
day_2048,2,1,0.447273764345381
day_2048,2,1,0.9245280424753824
day_2048,2,1,0.447273764345381
day_2048,2,1,0.447273764345381
day_2048,2,1,0.7714417510562472
day_2048,2,1,0.447273764345381
day_2048,2,1,0.7714417510562472
day_2048,2,1,0.447273764345381
day_2048,2,1,0.9245280424753824
day_2048,2,1,0.7714417510562472
day_2048,2,1,0.9245280424753824
day_2048,2,1,0.7714417510562472
day_2048,2,1,0.7714417510562472
day_2048,2,1,0.7714417510562472
day_2048,2,1,0.7714417510562472
day_2048,2,1,0.447273764345381
day_2048,2,1,0.447273764345381
day_2048,2,1,0.7714417510562472
day_2048,2,1,0.447273764345381
day_2048,2,1,0.447273764345381
day_2048,2,1,0.9245280424753824
day_2048,2,1,0.7714417510562472
day_2048,2,1,0.9245280424753824
day_2048,2,1,0.9245280424753824
day_2048,2,1,0.9245280424753824
day_2048,2,1,0.9245280424753824
day_2048,2,1,0.447273764345381
day_2048,2,1,0.7714417510562472
day_2048,2,1,0.447273764345381
day_2048,2,1,0.447273764345381
day_2048,2,1,0.7714417510562472
day_2048,2,1,0.447273764345381
day_2048,2,1,0.447273764345381
day_2048,2,1,0.447273764345381
day_2048,2,1,0.447273764345381
day_2048,2,1,0.7714417510562472
day_2048,2,1,0.9250702460606893
day_2048,2,1,0.9250702460606893
day_2048,2,1,0.6671242515246073
day_2048,2,1,0.9250702460606893
day_2048,2,1,0.6671242515246073
day_2048,2,1,0.9250702460606893
day_2048,2,1,0.9250702460606893
day_2048,2,1,0.4480445782343547
day_2048,2,1,0.6671242515246073
day_2048,2,1,0.6671242515246073
day_2048,2,1,0.9250702460606893
day_2048,2,1,0.4480445782343547
day_2048,2,1,0.9250702460606893
day_2048,2,1,0.4480445782343547
day_2048,2,1,0.6671242515246073
day_2048,2,1,0.6671242515246073
day_2048,2,1,0.4480445782343547
day_2048,2,1,0.4480445782343547
day_2048,2,1,0.4480445782343547
day_2048,2,1,0.9250702460606893
day_2048,2,1,0.4480445782343547
day_2048,2,1,0.9250702460606893
day_2048,2,1,0.4480445782343547
day_2048,2,1,0.6671242515246073
day_2048,2,1,0.4480445782343547
day_2048,2,1,0.9250702460606893
day_2048,2,1,0.6671242515246073
day_2048,2,1,0.4480445782343547
day_2048,2,1,0.9250702460606893
day_2048,2,1,0.9250702460606893
day_2048,2,1,0.6671242515246073
day_2048,2,1,0.4480445782343547
day_2048,2,1,0.4480445782343547
day_2048,2,1,0.4480445782343547
day_2048,2,1,0.6671242515246073
day_2048,2,1,0.9250702460606893
day_2048,2,1,0.4480445782343547
day_2048,2,1,0.8112451665931277
day_2048,2,1,0.2128740656707022
day_2048,2,1,0.8112451665931277
day_2048,2,1,0.6712844967842102
day_2048,2,1,0.7940670649210612
day_2048,2,1,0.895289937655131
day_2048,2,1,0.6225289603074392
day_2048,2,1,0.2128740656707022
day_2048,2,1,0.8217931191126505
day_2048,2,1,0.6225289603074392
day_2048,2,1,0.895289937655131
day_2048,2,1,0.895289937655131
day_2048,2,1,0.8217931191126505
day_2048,2,1,0.895289937655131
day_2048,2,1,0.8008241785897149
day_2048,2,1,0.7819314996401469
day_2048,2,1,0.7940670649210612
day_2048,2,1,0.9270087149408128
day_2048,2,1,0.6225289603074392
day_2048,2,1,0.8112451665931277
day_2048,2,1,0.7048132949405246
day_2048,2,1,0.2128740656707022
day_2048,2,1,0.2128740656707022
day_2048,2,1,0.7048132949405246
day_2048,2,1,0.6712844967842102
day_2048,2,1,0.7819314996401469
day_2048,2,1,0.895289937655131
day_2048,2,1,0.8008241785897149
day_2048,2,1,0.5823239286740621
day_2048,2,1,0.8217931191126505
day_2048,2,1,0.8217931191126505
day_2048,2,1,0.9270087149408128
day_2048,2,1,0.5275755955113305
day_2048,2,1,0.7819314996401469
day_2048,2,1,0.8008241785897149
day_2048,2,1,0.895289937655131
day_2048,2,1,0.9270087149408128
day_2048,2,1,0.5332783328162299
day_2048,2,1,0.8968861169285245
day_2048,2,1,0.1380481587515937
day_2048,2,1,0.7730272677209642
day_2048,2,1,0.5332783328162299
day_2048,2,1,0.512250327401691
day_2048,2,1,0.512250327401691
day_2048,2,1,0.36235512958632576
day_2048,2,1,0.5332783328162299
day_2048,2,1,0.7730272677209642
day_2048,2,1,0.8968861169285245
day_2048,2,1,0.512250327401691
day_2048,2,1,0.8968861169285245
day_2048,2,1,0.5332783328162299
day_2048,2,1,0.8968861169285245
day_2048,2,1,0.8968861169285245
day_2048,2,1,0.5332783328162299
day_2048,2,1,0.5332783328162299
day_2048,2,1,0.512250327401691
day_2048,2,1,0.36235512958632576
day_2048,2,1,0.36235512958632576
day_2048,2,1,0.8968861169285245
day_2048,2,1,0.512250327401691
day_2048,2,1,0.5332783328162299
day_2048,2,1,0.7730272677209642
day_2048,2,1,0.36235512958632576
day_2048,2,1,0.36235512958632576
day_2048,2,1,0.5332783328162299
day_2048,2,1,0.1380481587515937
day_2048,2,1,0.512250327401691
day_2048,2,1,0.7730272677209642
day_2048,2,1,0.1380481587515937
day_2048,2,1,0.8968861169285245
day_2048,2,1,0.36235512958632576
day_2048,2,1,0.8968861169285245
day_2048,2,1,0.512250327401691
day_2048,2,1,0.512250327401691
day_2048,2,1,0.7021538085407681
day_2048,2,1,0.5552778244018555
day_2048,2,1,0.5130554669433169
day_2048,2,1,0.5552778244018555
day_2048,2,1,0.5130554669433169
day_2048,2,1,0.5552778244018555
day_2048,2,1,0.5130554669433169
day_2048,2,1,0.5130554669433169
day_2048,2,1,0.5552778244018555
day_2048,2,1,0.7021538085407681
day_2048,2,1,0.7021538085407681
day_2048,2,1,0.5130554669433169
day_2048,2,1,0.5552778244018555
day_2048,2,1,0.7021538085407681
day_2048,2,1,0.5552778244018555
day_2048,2,1,0.5130554669433169
day_2048,2,1,0.7021538085407681
day_2048,2,1,0.5552778244018555
day_2048,2,1,0.7021538085407681
day_2048,2,1,0.5552778244018555
day_2048,2,1,0.7021538085407681
day_2048,2,1,0.5552778244018555
day_2048,2,1,0.5130554669433169
day_2048,2,1,0.5552778244018555
day_2048,2,1,0.5130554669433169
day_2048,2,1,0.7021538085407681
day_2048,2,1,0.5130554669433169
day_2048,2,1,0.5552778244018555
day_2048,2,1,0.7021538085407681
day_2048,2,1,0.7021538085407681
day_2048,2,1,0.5130554669433169
day_2048,2,1,0.5130554669433169
day_2048,2,1,0.5130554669433169
day_2048,2,1,0.7021538085407681
day_2048,2,1,0.7021538085407681
day_2048,2,1,0.7021538085407681
day_2048,2,1,0.5552778244018555
day_2048,2,1,0.3183823724587758
day_2048,2,1,0.6983353561825223
day_2048,2,1,0.608345498641332
day_2048,2,1,0.608345498641332
day_2048,2,1,0.39541955788930255
day_2048,2,1,0.6056565576129489
day_2048,2,1,0.5385600593354967
day_2048,2,1,0.3626585155725479
day_2048,2,1,0.779014441702101
day_2048,2,1,0.760007745689816
day_2048,2,1,0.6056565576129489
day_2048,2,1,0.3183823724587758
day_2048,2,1,0.5385600593354967
day_2048,2,1,0.779014441702101
day_2048,2,1,0.39541955788930255
day_2048,2,1,0.779014441702101
day_2048,2,1,0.6983353561825223
day_2048,2,1,0.5395848320590125
day_2048,2,1,0.39541955788930255
day_2048,2,1,0.5385600593354967
day_2048,2,1,0.608345498641332
day_2048,2,1,0.6983353561825223
day_2048,2,1,0.5385600593354967
day_2048,2,1,0.6056565576129489
day_2048,2,1,0.3183823724587758
day_2048,2,1,0.8450131416320801
day_2048,2,1,0.39541955788930255
day_2048,2,1,0.8450131416320801
day_2048,2,1,0.7179316083590189
day_2048,2,1,0.5385600593354967
day_2048,2,1,0.779014441702101
day_2048,2,1,0.5385600593354967
day_2048,2,1,0.608345498641332
day_2048,2,1,0.5395848320590125
day_2048,2,1,0.6983353561825223
day_2048,2,1,0.7179316083590189
day_2048,2,1,0.608345498641332
day_2048,2,1,0.9081121153301663
day_2048,2,1,0.5628875328434838
day_2048,2,1,0.5628875328434838
day_2048,2,1,0.9229703081978692
day_2048,2,1,0.8905712697241042
day_2048,2,1,0.9081121153301663
day_2048,2,1,0.9081121153301663
day_2048,2,1,0.9081121153301663
day_2048,2,1,0.8905712697241042
day_2048,2,1,0.5628875328434838
day_2048,2,1,0.9081121153301663
day_2048,2,1,0.7096631129582723
day_2048,2,1,0.7096631129582723
day_2048,2,1,0.9081121153301663
day_2048,2,1,0.9229703081978692
day_2048,2,1,0.7096631129582723
day_2048,2,1,0.9081121153301663
day_2048,2,1,0.5628875328434838
day_2048,2,1,0.7096631129582723
day_2048,2,1,0.8905712697241042
day_2048,2,1,0.5628875328434838
day_2048,2,1,0.7096631129582723
day_2048,2,1,0.9229703081978692
day_2048,2,1,0.8905712697241042
day_2048,2,1,0.9081121153301663
day_2048,2,1,0.5628875328434838
day_2048,2,1,0.9229703081978692
day_2048,2,1,0.6216691798634
day_2048,2,1,0.8905712697241042
day_2048,2,1,0.9229703081978692
day_2048,2,1,0.6216691798634
day_2048,2,1,0.5628875328434838
day_2048,2,1,0.9081121153301663
day_2048,2,1,0.8905712697241042
day_2048,2,1,0.8905712697241042
day_2048,2,1,0.5628875328434838
day_2048,2,1,0.5628875328434838
day_2048,2,1,0.6130787365966373
day_2048,2,1,0.31924591296248966
day_2048,2,1,0.1627413092388047
day_2048,2,1,0.33676741354995304
day_2048,2,1,0.33676741354995304
day_2048,2,1,0.4933534463246663
day_2048,2,1,0.4592101077238719
day_2048,2,1,0.27737638188732994
day_2048,2,1,0.38391031490431893
day_2048,2,1,0.5854224926895566
day_2048,2,1,0.4898647864659627
day_2048,2,1,0.4933534463246663
day_2048,2,1,0.15574310968319574
day_2048,2,1,0.15574310968319574
day_2048,2,1,0.19970876971880594
day_2048,2,1,0.6130787365966373
day_2048,2,1,0.38993892901473576
day_2048,2,1,0.39711541599697536
day_2048,2,1,0.15574310968319574
day_2048,2,1,0.6130787365966373
day_2048,2,1,0.15574310968319574
day_2048,2,1,0.38093849354320103
day_2048,2,1,0.19970876971880594
day_2048,2,1,0.38993892901473576
day_2048,2,1,0.4898647864659627
day_2048,2,1,0.2831185741557015
day_2048,2,1,0.44841954939895207
day_2048,2,1,0.38993892901473576
day_2048,2,1,0.4592101077238719
day_2048,2,1,0.5854224926895566
day_2048,2,1,0.31924591296248966
day_2048,2,1,0.4592101077238719
day_2048,2,1,0.27737638188732994
day_2048,2,1,0.4898647864659627
day_2048,2,1,0.38093849354320103
day_2048,2,1,0.4592101077238719
day_2048,2,1,0.31924591296248966
day_2048,2,1,0.7556586861610413
day_2048,2,1,0.2273530595832401
day_2048,2,1,0.552434202697542
day_2048,2,1,0.22888048655456966
day_2048,2,1,0.7220443354712592
day_2048,2,1,0.17034509281317392
day_2048,2,1,0.5851722392770979
day_2048,2,1,0.22888048655456966
day_2048,2,1,0.6310728126102023
day_2048,2,1,0.1575992570983039
day_2048,2,1,0.7556586861610413
day_2048,2,1,0.71680063340399
day_2048,2,1,0.1575992570983039
day_2048,2,1,0.22888048655456966
day_2048,2,1,0.5851722392770979
day_2048,2,1,0.38444968892468345
day_2048,2,1,0.7220443354712592
day_2048,2,1,0.27673356235027313
day_2048,2,1,0.8553312354617648
day_2048,2,1,0.3901112957133187
day_2048,2,1,0.7126833465364244
day_2048,2,1,0.17034509281317392
day_2048,2,1,0.2273530595832401
day_2048,2,1,0.7374287578794692
day_2048,2,1,0.6626857651604546
day_2048,2,1,0.7126833465364244
day_2048,2,1,0.5851722392770979
day_2048,2,1,0.17034509281317392
day_2048,2,1,0.5851722392770979
day_2048,2,1,0.7220443354712592
day_2048,2,1,0.391612258222368
day_2048,2,1,0.27673356235027313
day_2048,2,1,0.3595000074969398
day_2048,2,1,0.391612258222368
day_2048,2,1,0.7556586861610413
day_2048,2,1,0.4397706538438797
day_2048,2,1,0.8553312354617648
day_2048,2,1,0.8429701195822822
day_2048,2,1,0.6842515170574188
day_2048,2,1,0.6842515170574188
day_2048,2,1,0.6842515170574188
day_2048,2,1,0.8490542107158237
day_2048,2,1,0.8429701195822822
day_2048,2,1,0.8490542107158237
day_2048,2,1,0.6842515170574188
day_2048,2,1,0.8429701195822822
day_2048,2,1,0.6842515170574188
day_2048,2,1,0.8429701195822822
day_2048,2,1,0.8490542107158237
day_2048,2,1,0.6842515170574188
day_2048,2,1,0.6842515170574188
day_2048,2,1,0.8429701195822822
day_2048,2,1,0.8429701195822822
day_2048,2,1,0.8429701195822822
day_2048,2,1,0.8490542107158237
day_2048,2,1,0.6842515170574188
day_2048,2,1,0.8490542107158237
day_2048,2,1,0.6842515170574188
day_2048,2,1,0.8490542107158237
day_2048,2,1,0.8429701195822822
day_2048,2,1,0.6842515170574188
day_2048,2,1,0.6842515170574188
day_2048,2,1,0.8490542107158237
day_2048,2,1,0.6842515170574188
day_2048,2,1,0.8429701195822822
day_2048,2,1,0.6842515170574188
day_2048,2,1,0.8490542107158237
day_2048,2,1,0.8429701195822822
day_2048,2,1,0.6842515170574188
day_2048,2,1,0.6842515170574188
day_2048,2,1,0.6842515170574188
day_2048,2,1,0.8490542107158237
day_2048,2,1,0.8490542107158237
day_2048,2,1,0.6842515170574188
day_2048,2,1,0.6265009045600891
day_2048,2,1,0.555255674653583
day_2048,2,1,0.5134616957770454
day_2048,2,1,0.6920593712064955
day_2048,2,1,0.676984018749661
day_2048,2,1,0.8681570821338229
day_2048,2,1,0.7875141832563612
day_2048,2,1,0.6920593712064955
day_2048,2,1,0.5138103796376122
day_2048,2,1,0.5874592297606998
day_2048,2,1,0.7762341101964315
day_2048,2,1,0.47665004597769844
day_2048,2,1,0.5950518846511841
day_2048,2,1,0.17566431810458502
day_2048,2,1,0.7762341101964315
day_2048,2,1,0.31878968907727134
day_2048,2,1,0.522310713926951
day_2048,2,1,0.522310713926951
day_2048,2,1,0.11333242472675112
day_2048,2,1,0.522310713926951
day_2048,2,1,0.5428832272688547
day_2048,2,1,0.6920593712064955
day_2048,2,1,0.5134616957770454
day_2048,2,1,0.6265009045600891
day_2048,2,1,0.676984018749661
day_2048,2,1,0.8559108376502991
day_2048,2,1,0.7913975980546739
day_2048,2,1,0.6484127574496799
day_2048,2,1,0.5950518846511841
day_2048,2,1,0.5874592297606998
day_2048,2,1,0.5950518846511841
day_2048,2,1,0.5138103796376122
day_2048,2,1,0.92686618036694
day_2048,2,1,0.20584065632687676
day_2048,2,1,0.676984018749661
day_2048,2,1,0.555255674653583
day_2048,2,1,0.6588973601659139
day_2048,2,1,0.34951582385434043
day_2048,2,1,0.31591317223178017
day_2048,2,1,0.5655966964032915
day_2048,2,1,0.6969722443156772
day_2048,2,1,0.6550149718920389
day_2048,2,1,0.5266131891144646
day_2048,2,1,0.5655966964032915
day_2048,2,1,0.5266131891144646
day_2048,2,1,0.31591317223178017
day_2048,2,1,0.2422305734621154
day_2048,2,1,0.34623705595731735
day_2048,2,1,0.31591317223178017
day_2048,2,1,0.5135521822505527
day_2048,2,1,0.6701341271400452
day_2048,2,1,0.6701341271400452
day_2048,2,1,0.5500582489702437
day_2048,2,1,0.5135521822505527
day_2048,2,1,0.324461344215605
day_2048,2,1,0.2422305734621154
day_2048,2,1,0.5266131891144646
day_2048,2,1,0.32877352502610946
day_2048,2,1,0.4947444862789578
day_2048,2,1,0.4454042315483093
day_2048,2,1,0.4454042315483093
day_2048,2,1,0.5655966964032915
day_2048,2,1,0.6969722443156772
day_2048,2,1,0.6969722443156772
day_2048,2,1,0.5655966964032915
day_2048,2,1,0.324461344215605
day_2048,2,1,0.31591317223178017
day_2048,2,1,0.5021110905541314
day_2048,2,1,0.6550149718920389
day_2048,2,1,0.6181377304924859
day_2048,2,1,0.5273024274243249
day_2048,2,1,0.5273024274243249
day_2048,2,1,0.324461344215605
day_2048,2,1,0.5846638249026405
day_2048,2,1,0.7893474366929796
day_2048,2,1,0.5355642471048567
day_2048,2,1,0.7173020707236396
day_2048,2,1,0.24158302942911783
day_2048,2,1,0.7173020707236396
day_2048,2,1,0.7893474366929796
day_2048,2,1,0.24158302942911783
day_2048,2,1,0.24158302942911783
day_2048,2,1,0.24158302942911783
day_2048,2,1,0.24158302942911783
day_2048,2,1,0.24158302942911783
day_2048,2,1,0.7893474366929796
day_2048,2,1,0.7173020707236396
day_2048,2,1,0.7893474366929796
day_2048,2,1,0.24158302942911783
day_2048,2,1,0.7173020707236396
day_2048,2,1,0.7173020707236396
day_2048,2,1,0.7893474366929796
day_2048,2,1,0.7893474366929796
day_2048,2,1,0.7173020707236396
day_2048,2,1,0.7893474366929796
day_2048,2,1,0.5355642471048567
day_2048,2,1,0.24158302942911783
day_2048,2,1,0.7893474366929796
day_2048,2,1,0.24158302942911783
day_2048,2,1,0.5355642471048567
day_2048,2,1,0.5355642471048567
day_2048,2,1,0.7173020707236396
day_2048,2,1,0.7893474366929796
day_2048,2,1,0.24158302942911783
day_2048,2,1,0.5355642471048567
day_2048,2,1,0.5355642471048567
day_2048,2,1,0.7173020707236396
day_2048,2,1,0.7173020707236396
day_2048,2,1,0.5355642471048567
day_2048,2,1,0.24158302942911783
day_2048,2,1,0.24158302942911783
day_2048,2,1,0.41419050925307804
day_2048,2,1,0.614864342742496
day_2048,2,1,0.5126335091061063
day_2048,2,1,0.41419050925307804
day_2048,2,1,0.5157183706760406
day_2048,2,1,0.5939767327573564
day_2048,2,1,0.6440210706657834
day_2048,2,1,0.6227037012577057
day_2048,2,1,0.41419050925307804
day_2048,2,1,0.5646578007274203
day_2048,2,1,0.8285083240932889
day_2048,2,1,0.29397302700413597
day_2048,2,1,0.41419050925307804
day_2048,2,1,0.8285083240932889
day_2048,2,1,0.2941218101316028
day_2048,2,1,0.5712030099497901
day_2048,2,1,0.5646578007274203
day_2048,2,1,0.47589006688859725
day_2048,2,1,0.761175360944536
day_2048,2,1,0.4891347620222304
day_2048,2,1,0.6440210706657834
day_2048,2,1,0.5887550546063317
day_2048,2,1,0.41419050925307804
day_2048,2,1,0.5887550546063317
day_2048,2,1,0.761175360944536
day_2048,2,1,0.2941218101316028
day_2048,2,1,0.5157183706760406
day_2048,2,1,0.6851674516995748
day_2048,2,1,0.5646578007274203
day_2048,2,1,0.47589006688859725
day_2048,2,1,0.7116652925809225
day_2048,2,1,0.41419050925307804
day_2048,2,1,0.5712030099497901
day_2048,2,1,0.41419050925307804
day_2048,2,1,0.5887550546063317
day_2048,2,1,0.4891347620222304
day_2048,2,1,0.47301267253028023
day_2048,2,1,0.8026862674289279
day_2048,2,1,0.5110163556204902
day_2048,2,1,0.5110163556204902
day_2048,2,1,0.6709965036975013
day_2048,2,1,0.6353322698010339
day_2048,2,1,0.15311987118588555
day_2048,2,1,0.32744840118620133
day_2048,2,1,0.15311987118588555
day_2048,2,1,0.2955395546224382
day_2048,2,1,0.86991020043691
day_2048,2,1,0.32744840118620133
day_2048,2,1,0.6709965036975013
day_2048,2,1,0.8026862674289279
day_2048,2,1,0.86991020043691
day_2048,2,1,0.15311987118588555
day_2048,2,1,0.5110163556204902
day_2048,2,1,0.32744840118620133
day_2048,2,1,0.32744840118620133
day_2048,2,1,0.9422476755248176
day_2048,2,1,0.7289450632201301
day_2048,2,1,0.15311987118588555
day_2048,2,1,0.5110163556204902
day_2048,2,1,0.6353322698010339
day_2048,2,1,0.5110163556204902
day_2048,2,1,0.5110163556204902
day_2048,2,1,0.32744840118620133
day_2048,2,1,0.6301353308889601
day_2048,2,1,0.9422476755248176
day_2048,2,1,0.1916975130637487
day_2048,2,1,0.6353322698010339
day_2048,2,1,0.5110163556204902
day_2048,2,1,0.9422476755248176
day_2048,2,1,0.7289450632201301
day_2048,2,1,0.3235940883557002
day_2048,2,1,0.8026862674289279
day_2048,2,1,0.86991020043691
day_2048,2,1,0.6301353308889601
day_2048,2,1,0.588632023996777
day_2048,2,1,0.6903848714298673
day_2048,2,1,0.5545238753159841
day_2048,2,1,0.588632023996777
day_2048,2,1,0.5545238753159841
day_2048,2,1,0.5545238753159841
day_2048,2,1,0.6903848714298673
day_2048,2,1,0.6903848714298673
day_2048,2,1,0.5545238753159841
day_2048,2,1,0.588632023996777
day_2048,2,1,0.5545238753159841
day_2048,2,1,0.5545238753159841
day_2048,2,1,0.5545238753159841
day_2048,2,1,0.588632023996777
day_2048,2,1,0.588632023996777
day_2048,2,1,0.5545238753159841
day_2048,2,1,0.6903848714298673
day_2048,2,1,0.5545238753159841
day_2048,2,1,0.5545238753159841
day_2048,2,1,0.588632023996777
day_2048,2,1,0.6903848714298673
day_2048,2,1,0.588632023996777
day_2048,2,1,0.588632023996777
day_2048,2,1,0.5545238753159841
day_2048,2,1,0.588632023996777
day_2048,2,1,0.6903848714298673
day_2048,2,1,0.6903848714298673
day_2048,2,1,0.6903848714298673
day_2048,2,1,0.588632023996777
day_2048,2,1,0.5545238753159841
day_2048,2,1,0.588632023996777
day_2048,2,1,0.588632023996777
day_2048,2,1,0.5545238753159841
day_2048,2,1,0.6903848714298673
day_2048,2,1,0.5545238753159841
day_2048,2,1,0.588632023996777
day_2048,2,1,0.5545238753159841
day_2048,2,1,0.948342912726932
day_2048,2,1,0.948342912726932
day_2048,2,1,0.948342912726932
day_2048,2,1,0.948342912726932
day_2048,2,1,0.948342912726932
day_2048,2,1,0.948342912726932
day_2048,2,1,0.948342912726932
day_2048,2,1,0.948342912726932
day_2048,2,1,0.948342912726932
day_2048,2,1,0.948342912726932
day_2048,2,1,0.948342912726932
day_2048,2,1,0.948342912726932
day_2048,2,1,0.948342912726932
day_2048,2,1,0.948342912726932
day_2048,2,1,0.948342912726932
day_2048,2,1,0.948342912726932
day_2048,2,1,0.948342912726932
day_2048,2,1,0.948342912726932
day_2048,2,1,0.948342912726932
day_2048,2,1,0.948342912726932
day_2048,2,1,0.948342912726932
day_2048,2,1,0.948342912726932
day_2048,2,1,0.948342912726932
day_2048,2,1,0.948342912726932
day_2048,2,1,0.948342912726932
day_2048,2,1,0.948342912726932
day_2048,2,1,0.948342912726932
day_2048,2,1,0.948342912726932
day_2048,2,1,0.948342912726932
day_2048,2,1,0.948342912726932
day_2048,2,1,0.948342912726932
day_2048,2,1,0.948342912726932
day_2048,2,1,0.948342912726932
day_2048,2,1,0.948342912726932
day_2048,2,1,0.948342912726932
day_2048,2,1,0.948342912726932
day_2048,2,1,0.948342912726932
day_2048,2,1,0.3523850358194775
day_2048,2,1,0.5590096546543969
day_2048,2,1,0.5590096546543969
day_2048,2,1,0.5371445251835717
day_2048,2,1,0.3523850358194775
day_2048,2,1,0.8636704749531217
day_2048,2,1,0.6716097129715813
day_2048,2,1,0.6716097129715813
day_2048,2,1,0.5590096546543969
day_2048,2,1,0.5670755505561829
day_2048,2,1,0.5670755505561829
day_2048,2,1,0.3523850358194775
day_2048,2,1,0.5590096546543969
day_2048,2,1,0.8636704749531217
day_2048,2,1,0.5670755505561829
day_2048,2,1,0.8636704749531217
day_2048,2,1,0.5371445251835717
day_2048,2,1,0.8636704749531217
day_2048,2,1,0.6716097129715813
day_2048,2,1,0.5590096546543969
day_2048,2,1,0.5670755505561829
day_2048,2,1,0.6716097129715813
day_2048,2,1,0.5190924439165328
day_2048,2,1,0.3523850358194775
day_2048,2,1,0.6716097129715813
day_2048,2,1,0.5371445251835717
day_2048,2,1,0.5670755505561829
day_2048,2,1,0.5190924439165328
day_2048,2,1,0.6716097129715813
day_2048,2,1,0.5190924439165328
day_2048,2,1,0.5190924439165328
day_2048,2,1,0.5670755505561829
day_2048,2,1,0.5670755505561829
day_2048,2,1,0.8636704749531217
day_2048,2,1,0.5190924439165328
day_2048,2,1,0.8636704749531217
day_2048,2,1,0.5371445251835717
day_2048,2,1,0.23847142524189419
day_2048,2,1,0.34906142618921066
day_2048,2,1,0.9086876776483324
day_2048,2,1,0.6030098050832748
day_2048,2,1,0.6026427745819092
day_2048,2,1,0.18975703169902167
day_2048,2,1,0.6847003433439467
day_2048,2,1,0.34906142618921066
day_2048,2,1,0.2097690353790919
day_2048,2,1,0.23244305120574105
day_2048,2,1,0.43453098667992485
day_2048,2,1,0.23244305120574105
day_2048,2,1,0.5910111864407858
day_2048,2,1,0.7040713561905755
day_2048,2,1,0.7206583287980821
day_2048,2,1,0.45195931527349686
day_2048,2,1,0.34906142618921066
day_2048,2,1,0.6030098050832748
day_2048,2,1,0.23244305120574105
day_2048,2,1,0.41801589396264816
day_2048,2,1,0.43453098667992485
day_2048,2,1,0.6026427745819092
day_2048,2,1,0.34977152612474227
day_2048,2,1,0.42561039990848964
day_2048,2,1,0.22585783981614643
day_2048,2,1,0.4298871656258901
day_2048,2,1,0.6026427745819092
day_2048,2,1,0.34906142618921066
day_2048,2,1,0.7040713561905755
day_2048,2,1,0.34906142618921066
day_2048,2,1,0.9086876776483324
day_2048,2,1,0.44161661134825814
day_2048,2,1,0.18975703169902167
day_2048,2,1,0.7206583287980821
day_2048,2,1,0.6847003433439467
day_2048,2,1,0.43453098667992485
day_2048,2,1,0.6026427745819092
day_2048,2,1,0.7811146510971917
day_2048,2,1,0.39739278621143764
day_2048,2,1,0.48682698607444763
day_2048,2,1,0.7811146510971917
day_2048,2,1,0.4479762547545963
day_2048,2,1,0.35735568404197693
day_2048,2,1,0.4491062644455168
day_2048,2,1,0.35735568404197693
day_2048,2,1,0.7811146510971917
day_2048,2,1,0.7811146510971917
day_2048,2,1,0.48682698607444763
day_2048,2,1,0.5408821635776095
day_2048,2,1,0.7811146510971917
day_2048,2,1,0.7811146510971917
day_2048,2,1,0.39739278621143764
day_2048,2,1,0.4491062644455168
day_2048,2,1,0.35735568404197693
day_2048,2,1,0.37860965066485935
day_2048,2,1,0.4491062644455168
day_2048,2,1,0.48682698607444763
day_2048,2,1,0.4479762547545963
day_2048,2,1,0.7811146510971917
day_2048,2,1,0.4491062644455168
day_2048,2,1,0.4479762547545963
day_2048,2,1,0.7811146510971917
day_2048,2,1,0.35735568404197693
day_2048,2,1,0.771306660440233
day_2048,2,1,0.39739278621143764
day_2048,2,1,0.5408821635776095
day_2048,2,1,0.5408821635776095
day_2048,2,1,0.5408821635776095
day_2048,2,1,0.5408821635776095
day_2048,2,1,0.39739278621143764
day_2048,2,1,0.5408821635776095
day_2048,2,1,0.771306660440233
day_2048,2,1,0.7811146510971917
day_2048,2,1,0.35735568404197693
day_2048,2,1,0.513650957081053
day_2048,2,1,0.6039700309435526
day_2048,2,1,0.4865213632583618
day_2048,2,1,0.8442586925294664
day_2048,2,1,0.6354478928777907
day_2048,2,1,0.4865213632583618
day_2048,2,1,0.4865213632583618
day_2048,2,1,0.4865213632583618
day_2048,2,1,0.49993087185753715
day_2048,2,1,0.7693196601337857
day_2048,2,1,0.742487887541453
day_2048,2,1,0.6354478928777907
day_2048,2,1,0.7877047724193997
day_2048,2,1,0.7693196601337857
day_2048,2,1,0.4865213632583618
day_2048,2,1,0.48489723602930707
day_2048,2,1,0.15988529556327397
day_2048,2,1,0.6354478928777907
day_2048,2,1,0.3477877825498581
day_2048,2,1,0.6354478928777907
day_2048,2,1,0.7292456030845642
day_2048,2,1,0.4865213632583618
day_2048,2,1,0.2914292845461104
day_2048,2,1,0.742487887541453
day_2048,2,1,0.513650957081053
day_2048,2,1,0.6064118577374352
day_2048,2,1,0.6354478928777907
day_2048,2,1,0.6039700309435526
day_2048,2,1,0.15988529556327397
day_2048,2,1,0.15988529556327397
day_2048,2,1,0.3477877825498581
day_2048,2,1,0.6064118577374352
day_2048,2,1,0.513650957081053
day_2048,2,1,0.777139319313897
day_2048,2,1,0.513650957081053
day_2048,2,1,0.15988529556327397
day_2048,2,1,0.6354478928777907
day_2048,2,1,0.9671397871441312
day_2048,2,1,0.9671397871441312
day_2048,2,1,0.9671397871441312
day_2048,2,1,0.9671397871441312
day_2048,2,1,0.9671397871441312
day_2048,2,1,0.9671397871441312
day_2048,2,1,0.9671397871441312
day_2048,2,1,0.9671397871441312
day_2048,2,1,0.9671397871441312
day_2048,2,1,0.9671397871441312
day_2048,2,1,0.9671397871441312
day_2048,2,1,0.9671397871441312
day_2048,2,1,0.9671397871441312
day_2048,2,1,0.9671397871441312
day_2048,2,1,0.9671397871441312
day_2048,2,1,0.9671397871441312
day_2048,2,1,0.9671397871441312
day_2048,2,1,0.9671397871441312
day_2048,2,1,0.9671397871441312
day_2048,2,1,0.9671397871441312
day_2048,2,1,0.9671397871441312
day_2048,2,1,0.9671397871441312
day_2048,2,1,0.9671397871441312
day_2048,2,1,0.9671397871441312
day_2048,2,1,0.9671397871441312
day_2048,2,1,0.9671397871441312
day_2048,2,1,0.9671397871441312
day_2048,2,1,0.9671397871441312
day_2048,2,1,0.9671397871441312
day_2048,2,1,0.9671397871441312
day_2048,2,1,0.9671397871441312
day_2048,2,1,0.9671397871441312
day_2048,2,1,0.9671397871441312
day_2048,2,1,0.9671397871441312
day_2048,2,1,0.9671397871441312
day_2048,2,1,0.9671397871441312
day_2048,2,1,0.9671397871441312
day_2048,2,1,0.48877715733316207
day_2048,2,1,0.6170058482223086
day_2048,2,1,0.8436590896712409
day_2048,2,1,0.6170058482223086
day_2048,2,1,0.6170058482223086
day_2048,2,1,0.34846336642901105
day_2048,2,1,0.29877663320965236
day_2048,2,1,0.8436590896712409
day_2048,2,1,0.8436590896712409
day_2048,2,1,0.34846336642901105
day_2048,2,1,0.6170058482223086
day_2048,2,1,0.34846336642901105
day_2048,2,1,0.34846336642901105
day_2048,2,1,0.6170058482223086
day_2048,2,1,0.34846336642901105
day_2048,2,1,0.29877663320965236
day_2048,2,1,0.48877715733316207
day_2048,2,1,0.6170058482223086
day_2048,2,1,0.48877715733316207
day_2048,2,1,0.8436590896712409
day_2048,2,1,0.29877663320965236
day_2048,2,1,0.6170058482223086
day_2048,2,1,0.8436590896712409
day_2048,2,1,0.48877715733316207
day_2048,2,1,0.34846336642901105
day_2048,2,1,0.6170058482223086
day_2048,2,1,0.34846336642901105
day_2048,2,1,0.29877663320965236
day_2048,2,1,0.6170058482223086
day_2048,2,1,0.34846336642901105
day_2048,2,1,0.34846336642901105
day_2048,2,1,0.6170058482223086
day_2048,2,1,0.48877715733316207
day_2048,2,1,0.48877715733316207
day_2048,2,1,0.34846336642901105
day_2048,2,1,0.29877663320965236
day_2048,2,1,0.34846336642901105
day_2048,2,1,0.46711615721384686
day_2048,2,1,0.387663130958875
day_2048,2,1,0.5591707163386874
day_2048,2,1,0.6309401591618856
day_2048,2,1,0.2957169363896052
day_2048,2,1,0.23821605493625006
day_2048,2,1,0.5078126026524438
day_2048,2,1,0.43337750766012406
day_2048,2,1,0.46711615721384686
day_2048,2,1,0.5591707163386874
day_2048,2,1,0.665276825428009
day_2048,2,1,0.6077414552370707
day_2048,2,1,0.43337750766012406
day_2048,2,1,0.46711615721384686
day_2048,2,1,0.452416115336948
day_2048,2,1,0.6077414552370707
day_2048,2,1,0.665276825428009
day_2048,2,1,0.452416115336948
day_2048,2,1,0.665276825428009
day_2048,2,1,0.552069389157825
day_2048,2,1,0.5591707163386874
day_2048,2,1,0.4187900755140517
day_2048,2,1,0.43337750766012406
day_2048,2,1,0.22430699235863155
day_2048,2,1,0.6477254761589898
day_2048,2,1,0.5078126026524438
day_2048,2,1,0.2957169363896052
day_2048,2,1,0.6077414552370707
day_2048,2,1,0.3721749302413728
day_2048,2,1,0.387663130958875
day_2048,2,1,0.3721749302413728
day_2048,2,1,0.6077414552370707
day_2048,2,1,0.43337750766012406
day_2048,2,1,0.6077414552370707
day_2048,2,1,0.4187900755140517
day_2048,2,1,0.43337750766012406
day_2048,2,1,0.6665549476941427
day_2048,2,1,0.3899702760908339
day_2048,2,1,0.16843265212244457
day_2048,2,1,0.1660801875922415
day_2048,2,1,0.38881441619661117
day_2048,2,1,0.31210488577683765
day_2048,2,1,0.37933890687094796
day_2048,2,1,0.6252794298860762
day_2048,2,1,0.4348415599928962
day_2048,2,1,0.37933890687094796
day_2048,2,1,0.7208840250968933
day_2048,2,1,0.41109543376498753
day_2048,2,1,0.5970238546530405
day_2048,2,1,0.5970238546530405
day_2048,2,1,0.38881441619661117
day_2048,2,1,0.6252794298860762
day_2048,2,1,0.7228516605165269
day_2048,2,1,0.1660801875922415
day_2048,2,1,0.5748156209786733
day_2048,2,1,0.31210488577683765
day_2048,2,1,0.49574388398064506
day_2048,2,1,0.35285582807328963
day_2048,2,1,0.1660801875922415
day_2048,2,1,0.31210488577683765
day_2048,2,1,0.49574388398064506
day_2048,2,1,0.37933890687094796
day_2048,2,1,0.335971153444714
day_2048,2,1,0.5748156209786733
day_2048,2,1,0.5748156209786733
day_2048,2,1,0.5970238546530405
day_2048,2,1,0.2480624583032396
day_2048,2,1,0.6076456805070242
day_2048,2,1,0.37933890687094796
day_2048,2,1,0.1660801875922415
day_2048,2,1,0.6076456805070242
day_2048,2,1,0.49548765354686314
day_2048,2,1,0.6618896722793579
day_2048,2,1,0.6845895515547858
day_2048,2,1,0.6045195493433211
day_2048,2,1,0.7642498215039571
day_2048,2,1,0.4065040664540397
day_2048,2,1,0.41048603918817306
day_2048,2,1,0.41048603918817306
day_2048,2,1,0.6045195493433211
day_2048,2,1,0.5071857505374484
day_2048,2,1,0.6045195493433211
day_2048,2,1,0.6045195493433211
day_2048,2,1,0.5071857505374484
day_2048,2,1,0.6688366664780511
day_2048,2,1,0.24598028676377404
day_2048,2,1,0.8228286372290717
day_2048,2,1,0.6594731211662292
day_2048,2,1,0.8228286372290717
day_2048,2,1,0.41048603918817306
day_2048,2,1,0.3214583744605382
day_2048,2,1,0.3214583744605382
day_2048,2,1,0.6045195493433211
day_2048,2,1,0.4741097456879086
day_2048,2,1,0.24598028676377404
day_2048,2,1,0.5457789103190104
day_2048,2,1,0.49180817272928024
day_2048,2,1,0.24598028676377404
day_2048,2,1,0.6045195493433211
day_2048,2,1,0.8228286372290717
day_2048,2,1,0.5457789103190104
day_2048,2,1,0.3214583744605382
day_2048,2,1,0.24598028676377404
day_2048,2,1,0.6688366664780511
day_2048,2,1,0.5071857505374484
day_2048,2,1,0.4741097456879086
day_2048,2,1,0.7642498215039571
day_2048,2,1,0.6642144752873315
day_2048,2,1,0.6594731211662292
day_2048,2,1,0.5457789103190104
day_2048,2,1,0.3214583744605382
day_2048,2,1,0.363269888692432
day_2048,2,1,0.363269888692432
day_2048,2,1,0.363269888692432
day_2048,2,1,0.363269888692432
day_2048,2,1,0.363269888692432
day_2048,2,1,0.363269888692432
day_2048,2,1,0.363269888692432
day_2048,2,1,0.363269888692432
day_2048,2,1,0.363269888692432
day_2048,2,1,0.363269888692432
day_2048,2,1,0.363269888692432
day_2048,2,1,0.363269888692432
day_2048,2,1,0.363269888692432
day_2048,2,1,0.363269888692432
day_2048,2,1,0.363269888692432
day_2048,2,1,0.363269888692432
day_2048,2,1,0.363269888692432
day_2048,2,1,0.363269888692432
day_2048,2,1,0.363269888692432
day_2048,2,1,0.363269888692432
day_2048,2,1,0.363269888692432
day_2048,2,1,0.363269888692432
day_2048,2,1,0.363269888692432
day_2048,2,1,0.363269888692432
day_2048,2,1,0.363269888692432
day_2048,2,1,0.363269888692432
day_2048,2,1,0.363269888692432
day_2048,2,1,0.363269888692432
day_2048,2,1,0.363269888692432
day_2048,2,1,0.363269888692432
day_2048,2,1,0.363269888692432
day_2048,2,1,0.363269888692432
day_2048,2,1,0.363269888692432
day_2048,2,1,0.363269888692432
day_2048,2,1,0.363269888692432
day_2048,2,1,0.363269888692432
day_2048,2,1,0.363269888692432
day_2048,2,1,0.7274331251780192
day_2048,2,1,0.7274331251780192
day_2048,2,1,0.4748581250508626
day_2048,2,1,0.4585321611828274
day_2048,2,1,0.7274331251780192
day_2048,2,1,0.4748581250508626
day_2048,2,1,0.7274331251780192
day_2048,2,1,0.4748581250508626
day_2048,2,1,0.4585321611828274
day_2048,2,1,0.7274331251780192
day_2048,2,1,0.4585321611828274
day_2048,2,1,0.4585321611828274
day_2048,2,1,0.4748581250508626
day_2048,2,1,0.4585321611828274
day_2048,2,1,0.4585321611828274
day_2048,2,1,0.7274331251780192
day_2048,2,1,0.4748581250508626
day_2048,2,1,0.4748581250508626
day_2048,2,1,0.4585321611828274
day_2048,2,1,0.4748581250508626
day_2048,2,1,0.7274331251780192
day_2048,2,1,0.4585321611828274
day_2048,2,1,0.4748581250508626
day_2048,2,1,0.4585321611828274
day_2048,2,1,0.4585321611828274
day_2048,2,1,0.4585321611828274
day_2048,2,1,0.4585321611828274
day_2048,2,1,0.4748581250508626
day_2048,2,1,0.4748581250508626
day_2048,2,1,0.7274331251780192
day_2048,2,1,0.4748581250508626
day_2048,2,1,0.4748581250508626
day_2048,2,1,0.4585321611828274
day_2048,2,1,0.7274331251780192
day_2048,2,1,0.4585321611828274
day_2048,2,1,0.4748581250508626
day_2048,2,1,0.4585321611828274
day_2048,2,1,0.49720651904741925
day_2048,2,1,0.6334639721446567
day_2048,2,1,0.6768741673893399
day_2048,2,1,0.7942195269796584
day_2048,2,1,0.6054010523690118
day_2048,2,1,0.6768741673893399
day_2048,2,1,0.8894823988278707
day_2048,2,1,0.5965279473198785
day_2048,2,1,0.49720651904741925
day_2048,2,1,0.5965279473198785
day_2048,2,1,0.49720651904741925
day_2048,2,1,0.8894823988278707
day_2048,2,1,0.5965279473198785
day_2048,2,1,0.7617159949408637
day_2048,2,1,0.6054010523690118
day_2048,2,1,0.49720651904741925
day_2048,2,1,0.5965279473198785
day_2048,2,1,0.6334639721446567
day_2048,2,1,0.6334639721446567
day_2048,2,1,0.7045627302593656
day_2048,2,1,0.7962382568253411
day_2048,2,1,0.7942195269796584
day_2048,2,1,0.4947854048675961
day_2048,2,1,0.38493168354034424
day_2048,2,1,0.5921746260590024
day_2048,2,1,0.8894823988278707
day_2048,2,1,0.49720651904741925
day_2048,2,1,0.4947854048675961
day_2048,2,1,0.49720651904741925
day_2048,2,1,0.6054010523690118
day_2048,2,1,0.6054010523690118
day_2048,2,1,0.4947854048675961
day_2048,2,1,0.49720651904741925
day_2048,2,1,0.6054010523690118
day_2048,2,1,0.38493168354034424
day_2048,2,1,0.4947854048675961
day_2048,2,1,0.6768741673893399
day_2048,2,1,0.6580094297726949
day_2048,2,1,0.6580094297726949
day_2048,2,1,0.8109901150067648
day_2048,2,1,0.8109901150067648
day_2048,2,1,0.6580094297726949
day_2048,2,1,0.5573871400621202
day_2048,2,1,0.5573871400621202
day_2048,2,1,0.5573871400621202
day_2048,2,1,0.6580094297726949
day_2048,2,1,0.8715943296750387
day_2048,2,1,0.6580094297726949
day_2048,2,1,0.5573871400621202
day_2048,2,1,0.8715943296750387
day_2048,2,1,0.5573871400621202
day_2048,2,1,0.5573871400621202
day_2048,2,1,0.8715943296750387
day_2048,2,1,0.8109901150067648
day_2048,2,1,0.5573871400621202
day_2048,2,1,0.5573871400621202
day_2048,2,1,0.6580094297726949
day_2048,2,1,0.5573871400621202
day_2048,2,1,0.8715943296750387
day_2048,2,1,0.5573871400621202
day_2048,2,1,0.6580094297726949
day_2048,2,1,0.8109901150067648
day_2048,2,1,0.6580094297726949
day_2048,2,1,0.8109901150067648
day_2048,2,1,0.8715943296750387
day_2048,2,1,0.8109901150067648
day_2048,2,1,0.5573871400621202
day_2048,2,1,0.6580094297726949
day_2048,2,1,0.6580094297726949
day_2048,2,1,0.8715943296750387
day_2048,2,1,0.5573871400621202
day_2048,2,1,0.8715943296750387
day_2048,2,1,0.8715943296750387
day_2048,2,1,0.8715943296750387
day_2048,2,1,0.6469162702560425
day_2048,2,1,0.6469162702560425
day_2048,2,1,0.6469162702560425
day_2048,2,1,0.6469162702560425
day_2048,2,1,0.6469162702560425
day_2048,2,1,0.6469162702560425
day_2048,2,1,0.6469162702560425
day_2048,2,1,0.6469162702560425
day_2048,2,1,0.6469162702560425
day_2048,2,1,0.6469162702560425
day_2048,2,1,0.6469162702560425
day_2048,2,1,0.6469162702560425
day_2048,2,1,0.6469162702560425
day_2048,2,1,0.6469162702560425
day_2048,2,1,0.6469162702560425
day_2048,2,1,0.6469162702560425
day_2048,2,1,0.6469162702560425
day_2048,2,1,0.6469162702560425
day_2048,2,1,0.6469162702560425
day_2048,2,1,0.6469162702560425
day_2048,2,1,0.6469162702560425
day_2048,2,1,0.6469162702560425
day_2048,2,1,0.6469162702560425
day_2048,2,1,0.6469162702560425
day_2048,2,1,0.6469162702560425
day_2048,2,1,0.6469162702560425
day_2048,2,1,0.6469162702560425
day_2048,2,1,0.6469162702560425
day_2048,2,1,0.6469162702560425
day_2048,2,1,0.6469162702560425
day_2048,2,1,0.6469162702560425
day_2048,2,1,0.6469162702560425
day_2048,2,1,0.6469162702560425
day_2048,2,1,0.6469162702560425
day_2048,2,1,0.6469162702560425
day_2048,2,1,0.6469162702560425
day_2048,2,1,0.6469162702560425
day_2048,2,1,0.6044089761045244
day_2048,2,1,0.2809435923894246
day_2048,2,1,0.29153375493155587
day_2048,2,1,0.46387001872062683
day_2048,2,1,0.4653256701098548
day_2048,2,1,0.4653256701098548
day_2048,2,1,0.46387001872062683
day_2048,2,1,0.4653256701098548
day_2048,2,1,0.4884532822502984
day_2048,2,1,0.40741460853152806
day_2048,2,1,0.40741460853152806
day_2048,2,1,0.579735000928243
day_2048,2,1,0.4653256701098548
day_2048,2,1,0.35405444933308494
day_2048,2,1,0.4884532822502984
day_2048,2,1,0.4525253143575456
day_2048,2,1,0.4525253143575456
day_2048,2,1,0.2809435923894246
day_2048,2,1,0.4525253143575456
day_2048,2,1,0.545288880666097
day_2048,2,1,0.40741460853152806
day_2048,2,1,0.545288880666097
day_2048,2,1,0.545288880666097
day_2048,2,1,0.49130964941448635
day_2048,2,1,0.6044089761045244
day_2048,2,1,0.4653256701098548
day_2048,2,1,0.4653256701098548
day_2048,2,1,0.4884532822502984
day_2048,2,1,0.46387001872062683
day_2048,2,1,0.46387001872062683
day_2048,2,1,0.4653256701098548
day_2048,2,1,0.6044089761045244
day_2048,2,1,0.40741460853152806
day_2048,2,1,0.5251795020368364
day_2048,2,1,0.4525253143575456
day_2048,2,1,0.545288880666097
day_2048,2,1,0.4525253143575456
day_2048,2,1,0.8450835545857748
day_2048,2,1,0.8450835545857748
day_2048,2,1,0.5027138458357917
day_2048,2,1,0.8450835545857748
day_2048,2,1,0.8450835545857748
day_2048,2,1,0.5027138458357917
day_2048,2,1,0.5027138458357917
day_2048,2,1,0.5027138458357917
day_2048,2,1,0.8450835545857748
day_2048,2,1,0.5027138458357917
day_2048,2,1,0.5027138458357917
day_2048,2,1,0.8450835545857748
day_2048,2,1,0.5027138458357917
day_2048,2,1,0.5027138458357917
day_2048,2,1,0.5027138458357917
day_2048,2,1,0.5027138458357917
day_2048,2,1,0.8450835545857748
day_2048,2,1,0.5027138458357917
day_2048,2,1,0.5027138458357917
day_2048,2,1,0.5027138458357917
day_2048,2,1,0.5027138458357917
day_2048,2,1,0.5027138458357917
day_2048,2,1,0.8450835545857748
day_2048,2,1,0.5027138458357917
day_2048,2,1,0.8450835545857748
day_2048,2,1,0.5027138458357917
day_2048,2,1,0.5027138458357917
day_2048,2,1,0.5027138458357917
day_2048,2,1,0.5027138458357917
day_2048,2,1,0.5027138458357917
day_2048,2,1,0.5027138458357917
day_2048,2,1,0.8450835545857748
day_2048,2,1,0.5027138458357917
day_2048,2,1,0.8450835545857748
day_2048,2,1,0.8450835545857748
day_2048,2,1,0.8450835545857748
day_2048,2,1,0.8450835545857748
day_2048,2,1,0.5673894352383084
day_2048,2,1,0.4387981825404697
day_2048,2,1,0.4387981825404697
day_2048,2,1,0.49003366629282635
day_2048,2,1,0.7194216913647122
day_2048,2,1,0.2664662053187688
day_2048,2,1,0.5673894352383084
day_2048,2,1,0.595396144522561
day_2048,2,1,0.4599839978747898
day_2048,2,1,0.2664662053187688
day_2048,2,1,0.4387981825404697
day_2048,2,1,0.595396144522561
day_2048,2,1,0.4387981825404697
day_2048,2,1,0.8020650347073873
day_2048,2,1,0.5673894352383084
day_2048,2,1,0.4387981825404697
day_2048,2,1,0.595396144522561
day_2048,2,1,0.4599839978747898
day_2048,2,1,0.4387981825404697
day_2048,2,1,0.7194216913647122
day_2048,2,1,0.4387981825404697
day_2048,2,1,0.49003366629282635
day_2048,2,1,0.595396144522561
day_2048,2,1,0.2664662053187688
day_2048,2,1,0.595396144522561
day_2048,2,1,0.7194216913647122
day_2048,2,1,0.4599839978747898
day_2048,2,1,0.7194216913647122
day_2048,2,1,0.4599839978747898
day_2048,2,1,0.7194216913647122
day_2048,2,1,0.4387981825404697
day_2048,2,1,0.8020650347073873
day_2048,2,1,0.49003366629282635
day_2048,2,1,0.4387981825404697
day_2048,2,1,0.8020650347073873
day_2048,2,1,0.7194216913647122
day_2048,2,1,0.7254845036400689
day_2048,2,1,0.9174227118492126
day_2048,2,1,0.6141872505346934
day_2048,2,1,0.9174227118492126
day_2048,2,1,0.9174227118492126
day_2048,2,1,0.7157074610392252
day_2048,2,1,0.9439204268985324
day_2048,2,1,0.9174227118492126
day_2048,2,1,0.7236749662293328
day_2048,2,1,0.7236749662293328
day_2048,2,1,0.6141872505346934
day_2048,2,1,0.9174227118492126
day_2048,2,1,0.9439204268985324
day_2048,2,1,0.7157074610392252
day_2048,2,1,0.5960240529643165
day_2048,2,1,0.7236749662293328
day_2048,2,1,0.9439204268985324
day_2048,2,1,0.6141872505346934
day_2048,2,1,0.7236749662293328
day_2048,2,1,0.9174227118492126
day_2048,2,1,0.7157074610392252
day_2048,2,1,0.5960240529643165
day_2048,2,1,0.9439204268985324
day_2048,2,1,0.7157074610392252
day_2048,2,1,0.9174227118492126
day_2048,2,1,0.6141872505346934
day_2048,2,1,0.7157074610392252
day_2048,2,1,0.6141872505346934
day_2048,2,1,0.7236749662293328
day_2048,2,1,0.7236749662293328
day_2048,2,1,0.9174227118492126
day_2048,2,1,0.7157074610392252
day_2048,2,1,0.7157074610392252
day_2048,2,1,0.6141872505346934
day_2048,2,1,0.7157074610392252
day_2048,2,1,0.6141872505346934
day_2048,2,1,0.6141872505346934
day_2048,2,1,0.9439204268985324
day_2048,2,1,0.2600773953729206
day_2048,2,1,0.2600773953729206
day_2048,2,1,0.8325945205158658
day_2048,2,1,0.6841293970743815
day_2048,2,1,0.5852436754438612
day_2048,2,1,0.6841293970743815
day_2048,2,1,0.5335498518413968
day_2048,2,1,0.5852436754438612
day_2048,2,1,0.8325945205158658
day_2048,2,1,0.6841293970743815
day_2048,2,1,0.5335498518413968
day_2048,2,1,0.2600773953729206
day_2048,2,1,0.6388143565919664
day_2048,2,1,0.6388143565919664
day_2048,2,1,0.6388143565919664
day_2048,2,1,0.5852436754438612
day_2048,2,1,0.8325945205158658
day_2048,2,1,0.5852436754438612
day_2048,2,1,0.5335498518413968
day_2048,2,1,0.5335498518413968
day_2048,2,1,0.6388143565919664
day_2048,2,1,0.6388143565919664
day_2048,2,1,0.6388143565919664
day_2048,2,1,0.5852436754438612
day_2048,2,1,0.6625115838315752
day_2048,2,1,0.5335498518413968
day_2048,2,1,0.5852436754438612
day_2048,2,1,0.6625115838315752
day_2048,2,1,0.7471127046479119
day_2048,2,1,0.5852436754438612
day_2048,2,1,0.6388143565919664
day_2048,2,1,0.6625115838315752
day_2048,2,1,0.2600773953729206
day_2048,2,1,0.6388143565919664
day_2048,2,1,0.8325945205158658
day_2048,2,1,0.5852436754438612
day_2048,2,1,0.2600773953729206
day_2048,2,1,0.9029854933420817
day_2048,2,1,0.9029854933420817
day_2048,2,1,0.9029854933420817
day_2048,2,1,0.9029854933420817
day_2048,2,1,0.9029854933420817
day_2048,2,1,0.9029854933420817
day_2048,2,1,0.9029854933420817
day_2048,2,1,0.9029854933420817
day_2048,2,1,0.9029854933420817
day_2048,2,1,0.9029854933420817
day_2048,2,1,0.9029854933420817
day_2048,2,1,0.9029854933420817
day_2048,2,1,0.9029854933420817
day_2048,2,1,0.9029854933420817
day_2048,2,1,0.9029854933420817
day_2048,2,1,0.9029854933420817
day_2048,2,1,0.9029854933420817
day_2048,2,1,0.9029854933420817
day_2048,2,1,0.9029854933420817
day_2048,2,1,0.9029854933420817
day_2048,2,1,0.9029854933420817
day_2048,2,1,0.9029854933420817
day_2048,2,1,0.9029854933420817
day_2048,2,1,0.9029854933420817
day_2048,2,1,0.9029854933420817
day_2048,2,1,0.9029854933420817
day_2048,2,1,0.9029854933420817
day_2048,2,1,0.9029854933420817
day_2048,2,1,0.9029854933420817
day_2048,2,1,0.9029854933420817
day_2048,2,1,0.9029854933420817
day_2048,2,1,0.9029854933420817
day_2048,2,1,0.9029854933420817
day_2048,2,1,0.9029854933420817
day_2048,2,1,0.9029854933420817
day_2048,2,1,0.9029854933420817
day_2048,2,1,0.9029854933420817
day_2048,2,1,0.4550420476330651
day_2048,2,1,0.6275470985306634
day_2048,2,1,0.43705613083309597
day_2048,2,1,0.6376734574635824
day_2048,2,1,0.4550420476330651
day_2048,2,1,0.2860844499535031
day_2048,2,1,0.3396416554848353
day_2048,2,1,0.6699291600121392
day_2048,2,1,0.6376734574635824
day_2048,2,1,0.6699291600121392
day_2048,2,1,0.35919082164764404
day_2048,2,1,0.5415151897403929
day_2048,2,1,0.6168577141231961
day_2048,2,1,0.35919082164764404
day_2048,2,1,0.43705613083309597
day_2048,2,1,0.43551710579130387
day_2048,2,1,0.32615510953797233
day_2048,2,1,0.5415151897403929
day_2048,2,1,0.35919082164764404
day_2048,2,1,0.6013456318113539
day_2048,2,1,0.3866078903277715
day_2048,2,1,0.3866078903277715
day_2048,2,1,0.35919082164764404
day_2048,2,1,0.43551710579130387
day_2048,2,1,0.4550420476330651
day_2048,2,1,0.7962874041663276
day_2048,2,1,0.34014687107668984
day_2048,2,1,0.5432797107431624
day_2048,2,1,0.6699291600121392
day_2048,2,1,0.4550420476330651
day_2048,2,1,0.3866078903277715
day_2048,2,1,0.6376734574635824
day_2048,2,1,0.6376734574635824
day_2048,2,1,0.6376734574635824
day_2048,2,1,0.6013456318113539
day_2048,2,1,0.35919082164764404
day_2048,2,1,0.34014687107668984
day_2048,2,1,0.33624505665567184
day_2048,2,1,0.33624505665567184
day_2048,2,1,0.33556240134769016
day_2048,2,1,0.4289145502779219
day_2048,2,1,0.4460573030842675
day_2048,2,1,0.33624505665567184
day_2048,2,1,0.7746502558390299
day_2048,2,1,0.6819947163263956
day_2048,2,1,0.33556240134769016
day_2048,2,1,0.4580777684847514
day_2048,2,1,0.4289145502779219
day_2048,2,1,0.7905833191341824
day_2048,2,1,0.7064358128441705
day_2048,2,1,0.62980275021659
day_2048,2,1,0.7746502558390299
day_2048,2,1,0.4460573030842675
day_2048,2,1,0.4460573030842675
day_2048,2,1,0.4580777684847514
day_2048,2,1,0.5973363253805373
day_2048,2,1,0.7905938691563077
day_2048,2,1,0.4185037248664432
day_2048,2,1,0.6989621056450738
day_2048,2,1,0.4185037248664432
day_2048,2,1,0.33556240134769016
day_2048,2,1,0.5973363253805373
day_2048,2,1,0.7064358128441705
day_2048,2,1,0.7905938691563077
day_2048,2,1,0.7064358128441705
day_2048,2,1,0.6989621056450738
day_2048,2,1,0.5973363253805373
day_2048,2,1,0.4580777684847514
day_2048,2,1,0.6819947163263956
day_2048,2,1,0.7905833191341824
day_2048,2,1,0.62980275021659
day_2048,2,1,0.4185037248664432
day_2048,2,1,0.4185037248664432
day_2048,2,1,0.4460573030842675
day_2048,2,1,0.5851216249995761
day_2048,2,1,0.4523610340224372
day_2048,2,1,0.5851216249995761
day_2048,2,1,0.4607335428396861
day_2048,2,1,0.2917395581801732
day_2048,2,1,0.7351677285300361
day_2048,2,1,0.6370930208100213
day_2048,2,1,0.7008201215002272
day_2048,2,1,0.5402933988306258
day_2048,2,1,0.4523610340224372
day_2048,2,1,0.6370930208100213
day_2048,2,1,0.7351677285300361
day_2048,2,1,0.3774160146713257
day_2048,2,1,0.3028796414534251
day_2048,2,1,0.3774160146713257
day_2048,2,1,0.3774160146713257
day_2048,2,1,0.4607335428396861
day_2048,2,1,0.7950480779012045
day_2048,2,1,0.35570676624774933
day_2048,2,1,0.5851216249995761
day_2048,2,1,0.5851216249995761
day_2048,2,1,0.2917395581801732
day_2048,2,1,0.2917395581801732
day_2048,2,1,0.5851216249995761
day_2048,2,1,0.5096515152189467
day_2048,2,1,0.6370930208100213
day_2048,2,1,0.5851216249995761
day_2048,2,1,0.5851216249995761
day_2048,2,1,0.4607335428396861
day_2048,2,1,0.7950480779012045
day_2048,2,1,0.3774160146713257
day_2048,2,1,0.12325999057955211
day_2048,2,1,0.5096515152189467
day_2048,2,1,0.2917395581801732
day_2048,2,1,0.2917395581801732
day_2048,2,1,0.7351677285300361
day_2048,2,1,0.5402933988306258
day_2048,2,1,0.6020589404635959
day_2048,2,1,0.7819979985555013
day_2048,2,1,0.5893063810136583
day_2048,2,1,0.5893063810136583
day_2048,2,1,0.781096895535787
day_2048,2,1,0.6020589404635959
day_2048,2,1,0.6020589404635959
day_2048,2,1,0.6020589404635959
day_2048,2,1,0.5893063810136583
day_2048,2,1,0.4022658367951711
day_2048,2,1,0.6020589404635959
day_2048,2,1,0.781096895535787
day_2048,2,1,0.23946470187769997
day_2048,2,1,0.5893063810136583
day_2048,2,1,0.29797197381655377
day_2048,2,1,0.781096895535787
day_2048,2,1,0.29797197381655377
day_2048,2,1,0.781096895535787
day_2048,2,1,0.5893063810136583
day_2048,2,1,0.29797197381655377
day_2048,2,1,0.7819979985555013
day_2048,2,1,0.781096895535787
day_2048,2,1,0.6020589404635959
day_2048,2,1,0.23946470187769997
day_2048,2,1,0.29797197381655377
day_2048,2,1,0.7819979985555013
day_2048,2,1,0.29797197381655377
day_2048,2,1,0.4022658367951711
day_2048,2,1,0.4022658367951711
day_2048,2,1,0.781096895535787
day_2048,2,1,0.4022658367951711
day_2048,2,1,0.6020589404635959
day_2048,2,1,0.29797197381655377
day_2048,2,1,0.4022658367951711
day_2048,2,1,0.6020589404635959
day_2048,2,1,0.23946470187769997
day_2048,2,1,0.29797197381655377
day_2048,2,1,0.9636034634378221
day_2048,2,1,0.5566280947791206
day_2048,2,1,0.4866951604684194
day_2048,2,1,0.7324104640218947
day_2048,2,1,0.4866951604684194
day_2048,2,1,0.7324104640218947
day_2048,2,1,0.4866951604684194
day_2048,2,1,0.5566280947791206
day_2048,2,1,0.4866951604684194
day_2048,2,1,0.9636034634378221
day_2048,2,1,0.5566280947791206
day_2048,2,1,0.7476909326182472
day_2048,2,1,0.4866951604684194
day_2048,2,1,0.5566280947791206
day_2048,2,1,0.5566280947791206
day_2048,2,1,0.37442710995674133
day_2048,2,1,0.9636034634378221
day_2048,2,1,0.7324104640218947
day_2048,2,1,0.4866951604684194
day_2048,2,1,0.9636034634378221
day_2048,2,1,0.9627610180113051
day_2048,2,1,0.9636034634378221
day_2048,2,1,0.7476909326182472
day_2048,2,1,0.9636034634378221
day_2048,2,1,0.5566280947791206
day_2048,2,1,0.5566280947791206
day_2048,2,1,0.9636034634378221
day_2048,2,1,0.7476909326182472
day_2048,2,1,0.5566280947791206
day_2048,2,1,0.7324104640218947
day_2048,2,1,0.4866951604684194
day_2048,2,1,0.7324104640218947
day_2048,2,1,0.37442710995674133
day_2048,2,1,0.9636034634378221
day_2048,2,1,0.2724549472332001
day_2048,2,1,0.7476909326182472
day_2048,2,1,0.7476909326182472
day_2048,2,1,0.806291487481859
day_2048,2,1,0.6806953085793389
day_2048,2,1,0.806291487481859
day_2048,2,1,0.6806953085793389
day_2048,2,1,0.6806953085793389
day_2048,2,1,0.806291487481859
day_2048,2,1,0.6806953085793389
day_2048,2,1,0.6806953085793389
day_2048,2,1,0.6806953085793389
day_2048,2,1,0.6806953085793389
day_2048,2,1,0.806291487481859
day_2048,2,1,0.806291487481859
day_2048,2,1,0.806291487481859
day_2048,2,1,0.806291487481859
day_2048,2,1,0.806291487481859
day_2048,2,1,0.806291487481859
day_2048,2,1,0.6806953085793389
day_2048,2,1,0.6806953085793389
day_2048,2,1,0.806291487481859
day_2048,2,1,0.806291487481859
day_2048,2,1,0.806291487481859
day_2048,2,1,0.806291487481859
day_2048,2,1,0.6806953085793389
day_2048,2,1,0.6806953085793389
day_2048,2,1,0.806291487481859
day_2048,2,1,0.806291487481859
day_2048,2,1,0.6806953085793389
day_2048,2,1,0.806291487481859
day_2048,2,1,0.806291487481859
day_2048,2,1,0.806291487481859
day_2048,2,1,0.806291487481859
day_2048,2,1,0.6806953085793389
day_2048,2,1,0.806291487481859
day_2048,2,1,0.6806953085793389
day_2048,2,1,0.6806953085793389
day_2048,2,1,0.806291487481859
day_2048,2,1,0.6806953085793389
day_2048,2,0,0.6577267183197869
day_2048,2,0,0.43252963821093243
day_2048,2,0,0.32885581254959106
day_2048,2,0,0.5818771852387322
day_2048,2,0,0.6028553379906548
day_2048,2,0,0.11890723059574763
day_2048,2,0,0.3321222099992964
day_2048,2,0,0.33180859353807235
day_2048,2,0,0.537273410293791
day_2048,2,0,0.11890723059574763
day_2048,2,0,0.15921537660890156
day_2048,2,0,0.11890723059574763
day_2048,2,0,0.49946267406145733
day_2048,2,0,0.11890723059574763
day_2048,2,0,0.37935299343532985
day_2048,2,0,0.15981011672152412
day_2048,2,0,0.3507542908191681
day_2048,2,0,0.2427715907494227
day_2048,2,0,0.3497384372684691
day_2048,2,0,0.11890723059574763
day_2048,2,0,0.6104184952047136
day_2048,2,0,0.30559823827611077
day_2048,2,0,0.6910950243473053
day_2048,2,0,0.3938235110706753
day_2048,2,0,0.11890723059574763
day_2048,2,0,0.3257744974560208
day_2048,2,0,0.4392656452125973
day_2048,2,0,0.11890723059574763
day_2048,2,0,0.3672012488047282
day_2048,2,0,0.5730600621965196
day_2048,2,0,0.5966943071948158
day_2048,2,0,0.23182468778557247
day_2048,2,0,0.18975443889697394
day_2048,2,0,0.7441176507208083
day_2048,2,0,0.5465990205605825
day_2048,2,0,0.22143245240052542
day_2048,2,0,0.489135569996304
day_2048,2,0,0.3568723135524326
day_2048,2,0,0.4770326515038808
day_2048,2,0,0.12152287695142958
day_2048,2,0,0.5856023397710588
day_2048,2,0,0.7255200544993082
day_2048,2,0,0.8123093975914849
day_2048,2,0,0.12152287695142958
day_2048,2,0,0.12152287695142958
day_2048,2,0,0.12152287695142958
day_2048,2,0,0.34504525197876823
day_2048,2,0,0.35872794522179496
day_2048,2,0,0.40814994110001457
day_2048,2,0,0.7475227216879526
day_2048,2,0,0.3977760407659743
day_2048,2,0,0.12152287695142958
day_2048,2,0,0.3629816737439897
day_2048,2,0,0.12152287695142958
day_2048,2,0,0.12152287695142958
day_2048,2,0,0.5498454537656572
day_2048,2,0,0.2752244042025672
day_2048,2,0,0.5064199732409583
day_2048,2,0,0.2889637913968828
day_2048,2,0,0.4628891878657871
day_2048,2,0,0.12152287695142958
day_2048,2,0,0.4277903801865048
day_2048,2,0,0.30427056385411155
day_2048,2,0,0.632445666525099
day_2048,2,0,0.4277903801865048
day_2048,2,0,0.5372085240152147
day_2048,2,0,0.4691830045647091
day_2048,2,0,0.42004580464628005
day_2048,2,0,0.2640143550104565
day_2048,2,0,0.46419591705004376
day_2048,2,0,0.2972199105554157
day_2048,2,0,0.12152287695142958
day_2048,2,0,0.48105622993575203
day_2048,2,0,0.39606060087680817
day_2048,2,0,0.5126451419459449
day_2048,2,0,0.7092651791042752
day_2048,2,0,0.7261899179882474
day_2048,2,0,0.43786609503957963
day_2048,2,0,0.6150214738316007
day_2048,2,0,0.340887404150433
day_2048,2,0,0.17777620835436714
day_2048,2,0,0.39144784212112427
day_2048,2,0,0.49513836039437187
day_2048,2,0,0.4435657925075955
day_2048,2,0,0.5508304503228929
day_2048,2,0,0.7421907285849253
day_2048,2,0,0.1693029205004374
day_2048,2,0,0.4974407222535875
day_2048,2,0,0.5841034650802612
day_2048,2,0,0.7380206518703036
day_2048,2,0,0.45282649993896484
day_2048,2,0,0.3664168020089467
day_2048,2,0,0.7980958554479811
day_2048,2,0,0.46542757087283665
day_2048,2,0,0.4930884473853641
day_2048,2,0,0.4880789518356323
day_2048,2,0,0.3012220528390672
day_2048,2,0,0.482659916083018
day_2048,2,0,0.3916369809044732
day_2048,2,0,0.3294303110904164
day_2048,2,0,0.157860419816441
day_2048,2,0,0.2540195998218324
day_2048,2,0,0.6696335540877448
day_2048,2,0,0.29168204632070327
day_2048,2,0,0.31454379028744167
day_2048,2,0,0.2866053498453564
day_2048,2,0,0.5324254234631857
day_2048,2,0,0.482659916083018
day_2048,2,0,0.4986689653661516
day_2048,2,0,0.25420787268214756
day_2048,2,0,0.4930884473853641
day_2048,2,0,0.33792704509364235
day_2048,2,0,0.42152183254559833
day_2048,2,0,0.17451252788305283
day_2048,2,0,0.06792953134410912
day_2048,2,0,0.6586057609981961
day_2048,2,0,0.6398636864291297
day_2048,2,0,0.25813833706908756
day_2048,2,0,0.4756051268842485
day_2048,2,0,0.17166797568400702
day_2048,2,0,0.1067455771068732
day_2048,2,0,0.18242978884114158
day_2048,2,0,0.418847166829639
day_2048,2,0,0.6523222989506192
day_2048,2,0,0.2590205752187305
day_2048,2,0,0.23806487686104244
day_2048,2,0,0.1415308022664653
day_2048,2,0,0.06792953134410912
day_2048,2,0,0.27292222778002423
day_2048,2,0,0.21990272733900282
day_2048,2,0,0.4999059620830748
day_2048,2,0,0.6971154875225491
day_2048,2,0,0.456886135869556
day_2048,2,0,0.1850721902317471
day_2048,2,0,0.3303079638216231
day_2048,2,0,0.5885590844684176
day_2048,2,0,0.1850721902317471
day_2048,2,0,0.563667333788342
day_2048,2,0,0.10192215566833814
day_2048,2,0,0.5601957937081655
day_2048,2,0,0.2323457400004069
day_2048,2,0,0.5830236706468794
day_2048,2,0,0.16808941918942663
day_2048,2,0,0.18917309823963377
day_2048,2,0,0.5020497855212953
day_2048,2,0,0.10192215566833814
day_2048,2,0,0.10192215566833814
day_2048,2,0,0.19867409889896712
day_2048,2,0,0.39109836353196037
day_2048,2,0,0.10651355567905638
day_2048,2,0,0.23244522346390617
day_2048,2,0,0.3972444302505917
day_2048,2,0,0.10651355567905638
day_2048,2,0,0.22699952953391606
day_2048,2,0,0.10651355567905638
day_2048,2,0,0.44575995206832886
day_2048,2,0,0.3972444302505917
day_2048,2,0,0.5078074236710867
day_2048,2,0,0.5399789015452067
day_2048,2,0,0.6558449864387512
day_2048,2,0,0.4461493293444316
day_2048,2,0,0.4944092565112644
day_2048,2,0,0.10651355567905638
day_2048,2,0,0.10651355567905638
day_2048,2,0,0.5890881088044908
day_2048,2,0,0.48681461479928756
day_2048,2,0,0.34205900960498387
day_2048,2,0,0.565155588918262
day_2048,2,0,0.2522339208258523
day_2048,2,0,0.39710474676556057
day_2048,2,0,0.38433831599023605
day_2048,2,0,0.392494132121404
day_2048,2,0,0.44187210665808785
day_2048,2,0,0.2981281512313419
day_2048,2,0,0.3144603653086556
day_2048,2,0,0.556924925910102
day_2048,2,0,0.37380575471454197
day_2048,2,0,0.28876737919118667
day_2048,2,0,0.2066381863421864
day_2048,2,0,0.20270767559607825
day_2048,2,0,0.27392980125215316
day_2048,2,0,0.37110883328649735
day_2048,2,0,0.5062967704402076
day_2048,2,0,0.5887914730442895
day_2048,2,0,0.5988152258925967
day_2048,2,0,0.14005691392554176
day_2048,2,0,0.2819206449720595
day_2048,2,0,0.14759940571255153
day_2048,2,0,0.1648068084485001
day_2048,2,0,0.2819206449720595
day_2048,2,0,0.10001210537221697
day_2048,2,0,0.09352591261267662
day_2048,2,0,0.6702465679910448
day_2048,2,0,0.1915839985013008
day_2048,2,0,0.7226995494630601
day_2048,2,0,0.13674154298173058
day_2048,2,0,0.20213339063856336
day_2048,2,0,0.6289324031935798
day_2048,2,0,0.8480349779129028
day_2048,2,0,0.2864822993675868
day_2048,2,0,0.1902913608484798
day_2048,2,0,0.09955568487445514
day_2048,2,0,0.10509464600019985
day_2048,2,0,0.5044607983695136
day_2048,2,0,0.10374616045090887
day_2048,2,0,0.17657041384114158
day_2048,2,0,0.40835869974560207
day_2048,2,0,0.09328800688187282
day_2048,2,0,0.1065640039741993
day_2048,2,0,0.5529196295473311
day_2048,2,0,0.10570277646183968
day_2048,2,0,0.154951317442788
day_2048,2,0,0.14521018291513124
day_2048,2,0,0.08695913188987309
day_2048,2,0,0.13795278718074164
day_2048,2,0,0.1738511481218868
day_2048,2,0,0.2040337502128548
day_2048,2,0,0.38789571821689606
day_2048,2,0,0.10301055883367856
day_2048,2,0,0.15194372046324942
day_2048,2,0,0.08975577975312869
day_2048,2,0,0.09560262494617039
day_2048,2,0,0.30981668995486367
day_2048,2,0,0.23066651076078415
day_2048,2,0,0.4584310021665361
day_2048,2,0,0.35198332700464463
day_2048,2,0,0.14226458304458195
day_2048,2,0,0.21967325939072502
day_2048,2,0,0.6048307551278008
day_2048,2,0,0.19006884346405664
day_2048,2,0,0.30534109142091537
day_2048,2,0,0.22575355735090044
day_2048,2,0,0.21605332361327279
day_2048,2,0,0.2942728367116716
day_2048,2,0,0.28755539655685425
day_2048,2,0,0.20007956193553078
day_2048,2,0,0.5462978117995791
day_2048,2,0,0.7434295813242594
day_2048,2,0,0.312976211309433
day_2048,2,0,0.38831895258691573
day_2048,2,0,0.2904360327455733
day_2048,2,0,0.23714693221780989
day_2048,2,0,0.11022277838653988
day_2048,2,0,0.7097283999125162
day_2048,2,0,0.3835763716035419
day_2048,2,0,0.24897230168183646
day_2048,2,0,0.22026528335279888
day_2048,2,0,0.17215888450543085
day_2048,2,0,0.15580355872710547
day_2048,2,0,0.6505808499124315
day_2048,2,0,0.39951833585898083
day_2048,2,0,0.6048307551278008
day_2048,2,0,0.22345753014087677
day_2048,2,0,0.0969297769996855
day_2048,2,0,0.4641669789950053
day_2048,2,0,0.30914801524745095
day_2048,2,0,0.15924533953269324
day_2048,2,0,0.3993511762883928
day_2048,2,0,0.4298350479867723
day_2048,2,0,0.27997204495800865
day_2048,2,0,0.2840963850418727
day_2048,2,0,0.2833080026838515
day_2048,2,0,0.3157259374856949
day_2048,2,0,0.5789433022340139
day_2048,2,0,0.3179975367254681
day_2048,2,0,0.32578956087430316
day_2048,2,0,0.47458517882559037
day_2048,2,0,0.2912568731440438
day_2048,2,0,0.14234856930043963
day_2048,2,0,0.40235046876801384
day_2048,2,0,0.6107652286688486
day_2048,2,0,0.23989462355772653
day_2048,2,0,0.5890669789579179
day_2048,2,0,0.3967418571313222
day_2048,2,0,0.1156541080110603
day_2048,2,0,0.29899244672722286
day_2048,2,0,0.41401029460959965
day_2048,2,0,0.27242302894592285
day_2048,2,0,0.1471786689427164
day_2048,2,0,0.38628895084063214
day_2048,2,0,0.45212699638472664
day_2048,2,0,0.22587479650974274
day_2048,2,0,0.4699748953183492
day_2048,2,0,0.44673846827612984
day_2048,2,0,0.3519126640425788
day_2048,2,0,0.26623984177907306
day_2048,2,0,0.30422694815529716
day_2048,2,0,0.6999727520677779
day_2048,2,0,0.3205186161730025
day_2048,2,0,0.3619693054093255
day_2048,2,0,0.2833080026838515
day_2048,2,0,0.5052673121293386
day_2048,2,0,0.13113071935044396
day_2048,2,0,0.48636030157407123
day_2048,2,0,0.2924542162153456
day_2048,2,0,0.12758632749319077
day_2048,2,0,0.29046842124727035
day_2048,2,0,0.610929376549191
day_2048,2,0,0.5629268950886197
day_2048,2,0,0.2283745805422465
day_2048,2,0,0.6075524720880721
day_2048,2,0,0.22128908418946797
day_2048,2,0,0.47912510567241245
day_2048,2,0,0.3185039046737883
day_2048,2,0,0.4197281135453118
day_2048,2,0,0.19165942486789492
day_2048,2,0,0.2866082439819972
day_2048,2,0,0.47383660078048706
day_2048,2,0,0.18264186299509472
day_2048,2,0,0.14273363600174585
day_2048,2,0,0.5629268950886197
day_2048,2,0,0.2292400383287006
day_2048,2,0,0.3448854155010647
day_2048,2,0,0.28169743716716766
day_2048,2,0,0.2370773090256585
day_2048,2,0,0.169215753260586
day_2048,2,0,0.2539845224883821
day_2048,2,0,0.2371536741654078
day_2048,2,0,0.40375330216354793
day_2048,2,0,0.47791792617903817
day_2048,2,0,0.47201987438731724
day_2048,2,0,0.4084877438015408
day_2048,2,0,0.24274632169140709
day_2048,2,0,0.3553168425957362
day_2048,2,0,0.34807968305216896
day_2048,2,0,0.4475404620170593
day_2048,2,0,0.13602611174186072
day_2048,2,0,0.234269756409857
day_2048,2,0,0.8050181965033213
day_2048,2,0,0.25198045869668323
day_2048,2,0,0.169215753260586
day_2048,2,0,0.29226990209685433
day_2048,2,0,0.610929376549191
day_2048,2,0,0.40224605467584396
day_2048,2,0,0.4283541606532203
day_2048,2,0,0.3266499870353275
day_2048,2,0,0.5191417965624068
day_2048,2,0,0.15087660567628014
day_2048,2,0,0.7228525479634603
day_2048,2,0,0.17028829952081045
day_2048,2,0,0.27413325674004024
day_2048,2,0,0.30996664033995736
day_2048,2,0,0.09759592927164501
day_2048,2,0,0.2904634243912167
day_2048,2,0,0.44466956125365364
day_2048,2,0,0.28491567075252533
day_2048,2,0,0.3233550132976638
day_2048,2,0,0.2804228630330827
day_2048,2,0,0.2789759387572606
day_2048,2,0,0.7561621069908142
day_2048,2,0,0.5312432911660936
day_2048,2,0,0.14459985908534792
day_2048,2,0,0.527634451786677
day_2048,2,0,0.3863355318705241
day_2048,2,0,0.6347467535071902
day_2048,2,0,0.3362840132580863
day_2048,2,0,0.39680791232321
day_2048,2,0,0.09759592927164501
day_2048,2,0,0.29177987409962547
day_2048,2,0,0.738355020682017
day_2048,2,0,0.28593560059865314
day_2048,2,0,0.7569104697969224
day_2048,2,0,0.28806737727589077
day_2048,2,0,0.2414443956481086
day_2048,2,0,0.6108661227756076
day_2048,2,0,0.31755445732010734
day_2048,2,0,0.2922631518708335
day_2048,2,0,0.13217686116695404
day_2048,2,0,0.3032851931121614
day_2048,2,0,0.35682930217848885
day_2048,2,0,0.5636447469393412
day_2048,2,0,0.230830118060112
day_2048,2,0,0.513848708735572
day_2048,2,0,0.2721198383304808
day_2048,2,0,0.35061068998442757
day_2048,2,0,0.3849825660387675
day_2048,2,0,0.4183454182412889
day_2048,2,0,0.47100745307074654
day_2048,2,0,0.26516635550393
day_2048,2,0,0.23723739551173317
day_2048,2,0,0.30924900538391537
day_2048,2,0,0.17303426894876692
day_2048,2,0,0.5699676010343764
day_2048,2,0,0.24403848581843907
day_2048,2,0,0.3535197360648049
day_2048,2,0,0.511811249785953
day_2048,2,0,0.561325192451477
day_2048,2,0,0.3840943111313714
day_2048,2,0,0.7735749748018053
day_2048,2,0,0.31744223170810276
day_2048,2,0,0.3546649052037133
day_2048,2,0,0.28115367889404297
day_2048,2,0,0.36741773618592155
day_2048,2,0,0.1322148789962133
day_2048,2,0,0.23256482183933258
day_2048,2,0,0.9108312394883897
day_2048,2,0,0.7128936515914069
day_2048,2,0,0.36853105657630497
day_2048,2,0,0.277390225066079
day_2048,2,0,0.549951606326633
day_2048,2,0,0.2569619400633706
day_2048,2,0,0.8529512418640984
day_2048,2,0,0.5674432383643256
day_2048,2,0,0.3859008120165931
day_2048,2,0,0.32188837395773995
day_2048,2,0,0.49590503176053363
day_2048,2,0,0.32468421591652763
day_2048,2,0,0.21450201918681464
day_2048,2,0,0.67540176709493
day_2048,2,0,0.5173207653893365
day_2048,2,0,0.24857930011219448
day_2048,2,0,0.4708973202440474
day_2048,2,0,0.2698023286130693
day_2048,2,0,0.6390327976809608
day_2048,2,0,0.6614439123206668
day_2048,2,0,0.08752148060335053
day_2048,2,0,0.09960863615075748
day_2048,2,0,0.3769655227661133
day_2048,2,0,0.14474310312006208
day_2048,2,0,0.08752148060335053
day_2048,2,0,0.24196388406885994
day_2048,2,0,0.2619376646147834
day_2048,2,0,0.6314717067612542
day_2048,2,0,0.11938125433193313
day_2048,2,0,0.24893975423441994
day_2048,2,0,0.08752148060335053
day_2048,2,0,0.19922252082162434
day_2048,2,0,0.34516365660561454
day_2048,2,0,0.6323730912473466
day_2048,2,0,0.10308104049828318
day_2048,2,0,0.10308104049828318
day_2048,2,0,0.6268947256935967
day_2048,2,0,0.11493576649162504
day_2048,2,0,0.15670926620562872
day_2048,2,0,0.2812380807267295
day_2048,2,0,0.4597979717784458
day_2048,2,0,0.5527695152494643
day_2048,2,0,0.6063079105483161
day_2048,2,0,0.36332204937934875
day_2048,2,0,0.25385789904329514
day_2048,2,0,0.6188778082529703
day_2048,2,0,0.8776270084910922
day_2048,2,0,0.39875849584738415
day_2048,2,0,0.45083150267601013
day_2048,2,0,0.28816722830136615
day_2048,2,0,0.7752441167831421
day_2048,2,0,0.24612529079119363
day_2048,2,0,0.7014694809913635
day_2048,2,0,0.24855620165665945
day_2048,2,0,0.10247411496109432
day_2048,2,0,0.17860861784882015
day_2048,2,0,0.15261573013332155
day_2048,2,0,0.0905181070168813
day_2048,2,0,0.13018792867660522
day_2048,2,0,0.2724975479973687
day_2048,2,0,0.12881069175071186
day_2048,2,0,0.7192048894034492
day_2048,2,0,0.40938184989823234
day_2048,2,0,0.3259451107846366
day_2048,2,0,0.16793346487813526
day_2048,2,0,0.23743248482545218
day_2048,2,0,0.31452062394883895
day_2048,2,0,0.7317913969357809
day_2048,2,0,0.5106665955649482
day_2048,2,0,0.23743248482545218
day_2048,2,0,0.18494827962583965
day_2048,2,0,0.09845182961887783
day_2048,2,0,0.15261573013332155
day_2048,2,0,0.2537301613224877
day_2048,2,0,0.2532561057143741
day_2048,2,0,0.5187928809059991
day_2048,2,0,0.36904716822836137
day_2048,2,0,0.27783245344956714
day_2048,2,0,0.13776649369133842
day_2048,2,0,0.5612204836474525
day_2048,2,0,0.7156970236036513
day_2048,2,0,0.6831216480996873
day_2048,2,0,0.37570445736249286
day_2048,2,0,0.42119964294963413
day_2048,2,0,0.4480655375454161
day_2048,2,0,0.7317913969357809
day_2048,2,0,0.4194766912195418
day_2048,2,0,0.24990831977791256
day_2048,2,0,0.2903306757410367
day_2048,2,0,0.25501592126157546
day_2048,2,0,0.5108584099345737
day_2048,2,0,0.24238839745521545
day_2048,2,0,0.2594274977842967
day_2048,2,0,0.4265742003917694
day_2048,2,0,0.43093501528104144
day_2048,2,0,0.24680241114563412
day_2048,2,0,0.23782073789172703
day_2048,2,0,0.6039630704455905
day_2048,2,0,0.5174593230088552
day_2048,2,0,0.4255574875407749
day_2048,2,0,0.1670835804608133
day_2048,2,0,0.7048768268691169
day_2048,2,0,0.23250991271601784
day_2048,2,0,0.4596431834830178
day_2048,2,0,0.6982146799564362
day_2048,2,0,0.4746878412034776
day_2048,2,0,0.22965710196230146
day_2048,2,0,0.48810208837191266
day_2048,2,0,0.12973064349757302
day_2048,2,0,0.44714933302667403
day_2048,2,0,0.533336834775077
day_2048,2,0,0.6419907377825843
day_2048,2,0,0.19893265018860498
day_2048,2,0,0.43460166454315186
day_2048,2,0,0.5132184425989786
day_2048,2,0,0.24238839745521545
day_2048,2,0,0.2929425421688292
day_2048,2,0,0.315126895904541
day_2048,2,0,0.19893265018860498
day_2048,2,0,0.2376858111884859
day_2048,2,0,0.2641281071636412
day_2048,2,0,0.32035146322515273
day_2048,2,0,0.40727193984720444
day_2048,2,0,0.31588978899849784
day_2048,2,0,0.4847193790806664
day_2048,2,0,0.15524774541457495
day_2048,2,0,0.434966997967826
day_2048,2,0,0.3429956328537729
day_2048,2,0,0.2448275950219896
day_2048,2,0,0.6799628734588623
day_2048,2,0,0.24783520731661055
day_2048,2,0,0.2693302548593945
day_2048,2,0,0.37861834632025826
day_2048,2,0,0.46971583366394043
day_2048,2,0,0.09334449304474725
day_2048,2,0,0.35191025171015
day_2048,2,0,0.19317146639029184
day_2048,2,0,0.18938102821509042
day_2048,2,0,0.2680385419064098
day_2048,2,0,0.19984549201197094
day_2048,2,0,0.17055580185519326
day_2048,2,0,0.5363261931472354
day_2048,2,0,0.32571178012424046
day_2048,2,0,0.7249810232056512
day_2048,2,0,0.7693124810854594
day_2048,2,0,0.5053356869353188
day_2048,2,0,0.4281085812383228
day_2048,2,0,0.2337921311457952
day_2048,2,0,0.27712466319402057
day_2048,2,0,0.4502213266160753
day_2048,2,0,0.6378296050760481
day_2048,2,0,0.2866792687111431
day_2048,2,0,0.7953177558051215
day_2048,2,0,0.6518641975190904
day_2048,2,0,0.42161793013413745
day_2048,2,0,0.509118613269594
day_2048,2,0,0.09334449304474725
day_2048,2,0,0.4290674792395698
day_2048,2,0,0.2902004395922025
day_2048,2,0,0.2626724574300978
day_2048,2,0,0.7205867767333984
day_2048,2,0,0.7121092644002702
day_2048,2,0,0.4237036373880174
day_2048,2,0,0.34875692261589897
day_2048,2,0,0.6227439641952515
day_2048,2,0,0.4771788799100452
day_2048,2,0,0.1380481587515937
day_2048,2,0,0.21096016218264899
day_2048,2,0,0.5054286784595914
day_2048,2,0,0.42573731806543136
day_2048,2,0,0.1380481587515937
day_2048,2,0,0.1380481587515937
day_2048,2,0,0.3634507838222716
day_2048,2,0,0.3009466826915741
day_2048,2,0,0.3940882947709825
day_2048,2,0,0.27909962253438103
day_2048,2,0,0.16442076944642597
day_2048,2,0,0.19652782297796673
day_2048,2,0,0.7201060586505466
day_2048,2,0,0.2960396765006913
day_2048,2,0,0.6501025193267398
day_2048,2,0,0.549035992887285
day_2048,2,0,0.45651359524991775
day_2048,2,0,0.2536836142341296
day_2048,2,0,0.46244356367323136
day_2048,2,0,0.19652782297796673
day_2048,2,0,0.2829556581046846
day_2048,2,0,0.48131754000981647
day_2048,2,0,0.38130198584662545
day_2048,2,0,0.1380481587515937
day_2048,2,0,0.30689355731010437
day_2048,2,0,0.4692305541700787
day_2048,2,0,0.20328148206075033
day_2048,2,0,0.3504904806613922
day_2048,2,0,0.1380481587515937
day_2048,2,0,0.45519060889879864
day_2048,2,0,0.5090162522262998
day_2048,2,0,0.3916887674066756
day_2048,2,0,0.37607263028621674
day_2048,2,0,0.8450674480862088
day_2048,2,0,0.6588800350824991
day_2048,2,0,0.5740549266338348
day_2048,2,0,0.45056797398461235
day_2048,2,0,0.6036188768015968
day_2048,2,0,0.4602590302626292
day_2048,2,0,0.7057126694255405
day_2048,2,0,0.4890187117788527
day_2048,2,0,0.4213923298650318
day_2048,2,0,0.2666194521718555
day_2048,2,0,0.5753494169976976
day_2048,2,0,0.4477916161219279
day_2048,2,0,0.6365608440505134
day_2048,2,0,0.1066141492790646
day_2048,2,0,0.40319447716077167
day_2048,2,0,0.24892549051178825
day_2048,2,0,0.24614297184679243
day_2048,2,0,0.41584579481018913
day_2048,2,0,0.10578116277853648
day_2048,2,0,0.4771762755182054
day_2048,2,0,0.24974532259835136
day_2048,2,0,0.5390630728668637
day_2048,2,0,0.3483694891134898
day_2048,2,0,0.5644698590040207
day_2048,2,0,0.7583524187405905
day_2048,2,0,0.10578116277853648
day_2048,2,0,0.44791069957945084
day_2048,2,0,0.5688487357563443
day_2048,2,0,0.49888285332255894
day_2048,2,0,0.5021399656931559
day_2048,2,0,0.46993082761764526
day_2048,2,0,0.7066576414638095
day_2048,2,0,0.10578116277853648
day_2048,2,0,0.45200512144300675
day_2048,2,0,0.4012886650032467
day_2048,2,0,0.20829295118649802
day_2048,2,0,0.4055117319027583
day_2048,2,0,0.28980550004376304
day_2048,2,0,0.35537062254216933
day_2048,2,0,0.30375639763143325
day_2048,2,0,0.8977533181508383
day_2048,2,0,0.644608371787601
day_2048,2,0,0.23890663186709085
day_2048,2,0,0.8556668427255418
day_2048,2,0,0.41385859582159257
day_2048,2,0,0.5359981523619758
day_2048,2,0,0.4585806793636746
day_2048,2,0,0.2705058629314105
day_2048,2,0,0.27531113889482284
day_2048,2,0,0.8197059631347656
day_2048,2,0,0.32258404791355133
day_2048,2,0,0.4708642197979821
day_2048,2,0,0.37649479177263045
day_2048,2,0,0.31724854475922054
day_2048,2,0,0.3452690641085307
day_2048,2,0,0.211631049712499
day_2048,2,0,0.5881404214435153
day_2048,2,0,0.25843751927216846
day_2048,2,0,0.7455683449904124
day_2048,2,0,0.22108372466431725
day_2048,2,0,0.5984674029880099
day_2048,2,0,0.5100256767537859
day_2048,2,0,0.7581308285395304
day_2048,2,0,0.31557901203632355
day_2048,2,0,0.31291043096118504
day_2048,2,0,0.3064688526921802
day_2048,2,0,0.4160558664136463
day_2048,2,0,0.5500246783097585
day_2048,2,0,0.38869906961917877
day_2048,2,0,0.6615328656302558
day_2048,2,0,0.7182647850778368
day_2048,2,0,0.18410145077440473
day_2048,2,0,0.6302431755595737
day_2048,2,0,0.1086504492494795
day_2048,2,0,0.19756006863382128
day_2048,2,0,0.20354151063495213
day_2048,2,0,0.25207941896385616
day_2048,2,0,0.26578614281283486
day_2048,2,0,0.5566367208957672
day_2048,2,0,0.18356253827611604
day_2048,2,0,0.2307301147116555
day_2048,2,0,0.28221485681003994
day_2048,2,0,0.4224324921766917
day_2048,2,0,0.45100142227278817
day_2048,2,0,0.2447901252243254
day_2048,2,0,0.6788412729899088
day_2048,2,0,0.22074424475431442
day_2048,2,0,0.5078915821181403
day_2048,2,0,0.6054491400718689
day_2048,2,0,0.2019654413064321
day_2048,2,0,0.09871999588277605
day_2048,2,0,0.22394048422574997
day_2048,2,0,0.11561726489000851
day_2048,2,0,0.25763852066463894
day_2048,2,0,0.388025712635782
day_2048,2,0,0.24411034997966555
day_2048,2,0,0.48827288548151654
day_2048,2,0,0.23865938352213967
day_2048,2,0,0.10623765322897169
day_2048,2,0,0.20665589554442299
day_2048,2,0,0.9261458847257826
day_2048,2,0,0.43783547812038
day_2048,2,0,0.2807918960849444
day_2048,2,0,0.3591925452152888
day_2048,2,0,0.13285214578111967
day_2048,2,0,0.1995546536313163
day_2048,2,0,0.4111357364389632
day_2048,2,0,0.19085567030641767
day_2048,2,0,0.2447901252243254
day_2048,2,0,0.492749508884218
day_2048,2,0,0.6454396943251292
day_2048,2,0,0.7451801167594062
day_2048,2,0,0.7188563015725877
day_2048,2,0,0.18295691079563564
day_2048,2,0,0.49981655014885795
day_2048,2,0,0.5817640092637804
day_2048,2,0,0.2965608951118257
day_2048,2,0,0.5197032127115462
day_2048,2,0,0.3438769860400094
day_2048,2,0,0.31780994435151416
day_2048,2,0,0.6056319442060258
day_2048,2,0,0.7505833903948466
day_2048,2,0,0.32076749205589294
day_2048,2,0,0.22770249098539352
day_2048,2,0,0.4882778955830468
day_2048,2,0,0.35072949528694153
day_2048,2,0,0.5177775985664792
day_2048,2,0,0.4148774809307522
day_2048,2,0,0.47869327002101475
day_2048,2,0,0.2802082846562068
day_2048,2,0,0.3629630638493432
day_2048,2,0,0.3635353181097243
day_2048,2,0,0.35518257816632587
day_2048,2,0,0.6939129829406738
day_2048,2,0,0.38609106673134697
day_2048,2,0,0.19393800530168745
day_2048,2,0,0.27153066131803727
day_2048,2,0,0.777226083808475
day_2048,2,0,0.4109696216053433
day_2048,2,0,0.5566248761283027
day_2048,2,0,0.355730050139957
day_2048,2,0,0.2167202192876074
day_2048,2,0,0.3233049329784181
day_2048,2,0,0.4127775960498386
day_2048,2,0,0.5938650667667389
day_2048,2,0,0.3445649527841144
day_2048,2,0,0.26546719504727256
day_2048,2,0,0.34910867280430263
day_2048,2,0,0.2814774562915166
day_2048,2,0,0.8541395134396024
day_2048,2,0,0.2358055379655626
day_2048,2,0,0.28535904155837166
day_2048,2,0,0.4476269549793667
day_2048,2,0,0.45412394238842857
day_2048,2,0,0.6363411810663011
day_2048,2,0,0.28573905924956006
day_2048,2,0,0.7399305171436734
day_2048,2,0,0.2031280133459303
day_2048,2,0,0.47226326002015007
day_2048,2,0,0.752933124701182
day_2048,2,0,0.15096872217125362
day_2048,2,0,0.3031490163670646
day_2048,2,0,0.7200255393981934
day_2048,2,0,0.44331416487693787
day_2048,2,0,0.877268460061815
day_2048,2,0,0.2130956451098124
day_2048,2,0,0.42766599853833515
day_2048,2,0,0.614268441994985
day_2048,2,0,0.6397755129469765
day_2048,2,0,0.6663865910636054
day_2048,2,0,0.71473671330346
day_2048,2,0,0.2865311983558867
day_2048,2,0,0.21397016611364153
day_2048,2,0,0.30967197981145644
day_2048,2,0,0.13679776340723038
day_2048,2,0,0.6210323439704047
day_2048,2,0,0.3727862884600957
day_2048,2,0,0.32871149645911324
day_2048,2,0,0.2523832751644982
day_2048,2,0,0.6001182430320315
day_2048,2,0,0.6909750766224332
day_2048,2,0,0.11159778551922904
day_2048,2,0,0.8870084351963468
day_2048,2,0,0.6395819021595849
day_2048,2,0,0.27738822044597733
day_2048,2,0,0.26570690754387116
day_2048,2,0,0.2928476863437229
day_2048,2,0,0.3575461390945647
day_2048,2,0,0.6940474874443479
day_2048,2,0,0.47700757284959155
day_2048,2,0,0.4920051362779405
day_2048,2,0,0.37480170528093976
day_2048,2,0,0.6703017055988312
day_2048,2,0,0.3279467134012116
day_2048,2,0,0.2979768051041497
day_2048,2,0,0.27485750698381
day_2048,2,0,0.2429495838781198
day_2048,2,0,0.1442144157158004
day_2048,2,0,0.34249051329162383
day_2048,2,0,0.31869951221677995
day_2048,2,0,0.5297596454620361
day_2048,2,0,0.355839976006084
day_2048,2,0,0.1492995156182183
day_2048,2,0,0.5755034238100052
day_2048,2,0,0.22321586973137325
day_2048,2,0,0.3268184835712115
day_2048,2,0,0.4639542152484258
day_2048,2,0,0.5257331497139401
day_2048,2,0,0.08845770234862964
day_2048,2,0,0.1415728715558847
day_2048,2,0,0.5358675552739037
day_2048,2,0,0.30789993206659955
day_2048,2,0,0.34249051329162383
day_2048,2,0,0.6166540053155687
day_2048,2,0,0.41122063332133824
day_2048,2,0,0.2816529787249035
day_2048,2,0,0.3151866098244985
day_2048,2,0,0.1846632237235705
day_2048,2,0,0.40774285627735984
day_2048,2,0,0.31290848553180695
day_2048,2,0,0.10801254709561665
day_2048,2,0,0.4053494698471493
day_2048,2,0,0.1136737863222758
day_2048,2,0,0.5534317659007179
day_2048,2,0,0.18141532192627588
day_2048,2,0,0.27847742868794334
day_2048,2,0,0.2032105252146721
day_2048,2,0,0.19426527702146107
day_2048,2,0,0.30244769818252987
day_2048,2,0,0.6206235388914744
day_2048,2,0,0.10655812505218717
day_2048,2,0,0.6082340280214945
day_2048,2,0,0.7807304230001237
day_2048,2,0,0.4408465027809143
day_2048,2,0,0.1123252593808704
day_2048,2,0,0.1886710681849056
day_2048,2,0,0.10655812505218717
day_2048,2,0,0.21252714759773678
day_2048,2,0,0.46208082305060494
day_2048,2,0,0.22299909426106346
day_2048,2,0,0.3408232132593791
day_2048,2,0,0.10655812505218717
day_2048,2,0,0.11908626639180714
day_2048,2,0,0.33023280733161503
day_2048,2,0,0.2969019826915529
day_2048,2,0,0.1233878235022227
day_2048,2,0,0.11272376113467747
day_2048,2,0,0.19238369001282585
day_2048,2,0,0.860329614745246
day_2048,2,0,0.6169803539911906
day_2048,2,0,0.6392466558350457
day_2048,2,0,0.8457686834865146
day_2048,2,0,0.21253854036331177
day_2048,2,0,0.7946545945273505
day_2048,2,0,0.6008796625667148
day_2048,2,0,0.7195732560422685
day_2048,2,0,0.36931045850118
day_2048,2,0,0.3190601285960939
day_2048,2,0,0.11305458760923809
day_2048,2,0,0.12760461701287162
day_2048,2,0,0.6303564111391703
day_2048,2,0,0.46425267226166195
day_2048,2,0,0.22546464701493582
day_2048,2,0,0.6475419070985582
day_2048,2,0,0.1680899891588423
day_2048,2,0,0.09908895111746258
day_2048,2,0,0.3428844345940484
day_2048,2,0,0.30265096326669055
day_2048,2,0,0.2458405022819837
day_2048,2,0,0.2255526151922014
day_2048,2,0,0.42316268218888176
day_2048,2,0,0.28898536496692234
day_2048,2,0,0.2306297810541259
day_2048,2,0,0.2907369252708223
day_2048,2,0,0.4678224590089586
day_2048,2,0,0.4717729422781203
day_2048,2,0,0.6788782477378845
day_2048,2,0,0.21638543986611897
day_2048,2,0,0.6967695222960578
day_2048,2,0,0.4649395677778456
day_2048,2,0,0.35285303824477726
day_2048,2,0,0.2530932045645184
day_2048,2,0,0.3279695113499959
day_2048,2,0,0.218782933221923
day_2048,2,0,0.2379337814119127
day_2048,2,0,0.32971516085995567
day_2048,2,0,0.5415400697125329
day_2048,2,0,0.20141731202602386
day_2048,2,0,0.6705264846483866
day_2048,2,0,0.5368156830469767
day_2048,2,0,0.24843592113918728
day_2048,2,0,0.24878804716798994
day_2048,2,0,0.43414244386884904
day_2048,2,0,0.7417655189832052
day_2048,2,0,0.5547602971394857
day_2048,2,0,0.6052381959226396
day_2048,2,0,0.18791368272569445
day_2048,2,0,0.18358267512586382
day_2048,2,0,0.13368270008100402
day_2048,2,0,0.13368270008100402
day_2048,2,0,0.717739118470086
day_2048,2,0,0.3168720801671346
day_2048,2,0,0.4957216613822513
day_2048,2,0,0.3795420494344499
day_2048,2,0,0.5710638893975152
day_2048,2,0,0.13368270008100402
day_2048,2,0,0.13368270008100402
day_2048,2,0,0.6607366800308228
day_2048,2,0,0.6264828575981988
day_2048,2,0,0.6556077665752835
day_2048,2,0,0.2337081953883171
day_2048,2,0,0.34623393085267806
day_2048,2,0,0.22360523955689537
day_2048,2,0,0.3304129027658039
day_2048,2,0,0.7238964504665799
day_2048,2,0,0.13368270008100402
day_2048,2,0,0.13368270008100402
day_2048,2,0,0.2318507573670811
day_2048,2,0,0.6857957310146756
day_2048,2,0,0.13368270008100402
day_2048,2,0,0.13368270008100402
day_2048,2,0,0.22389753411213556
day_2048,2,0,0.2337081953883171
day_2048,2,0,0.13368270008100402
day_2048,2,0,0.3376732799741957
day_2048,2,0,0.3101659384038713
day_2048,2,0,0.13368270008100402
day_2048,2,0,0.24226604733202192
day_2048,2,0,0.13368270008100402
day_2048,2,0,0.8069449265797933
day_2048,2,0,0.1559701810280482
day_2048,2,0,0.40938851568433976
day_2048,2,0,0.3093387641840511
day_2048,2,0,0.5047421322928535
day_2048,2,0,0.4158366057607863
day_2048,2,0,0.42753367291556466
day_2048,2,0,0.18576298488510978
day_2048,2,0,0.20303647385703194
day_2048,2,0,0.3413369208574295
day_2048,2,0,0.48071451981862384
day_2048,2,0,0.12100827528370751
day_2048,2,0,0.41200607683923507
day_2048,2,0,0.4118461509545644
day_2048,2,0,0.3217887348598904
day_2048,2,0,0.6243182222048441
day_2048,2,0,0.3693558739291297
day_2048,2,0,0.439404868417316
day_2048,2,0,0.13678919523954391
day_2048,2,0,0.28852712776925826
day_2048,2,0,0.3691023157702552
day_2048,2,0,0.4279237820042504
day_2048,2,0,0.2958790411551793
day_2048,2,0,0.4081236289607154
day_2048,2,0,0.24610688123438093
day_2048,2,0,0.3118599471118715
day_2048,2,0,0.47925064629978603
day_2048,2,0,0.23930894914600584
day_2048,2,0,0.4629184934828017
day_2048,2,0,0.4176882141166263
day_2048,2,0,0.44385191467073226
day_2048,2,0,0.555320766237047
day_2048,2,0,0.4868214974800746
day_2048,2,0,0.29502949449751115
day_2048,2,0,0.32716477082835305
day_2048,2,0,0.3164615250296063
day_2048,2,0,0.2508663568231795
day_2048,2,0,0.3036535622345077
day_2048,2,0,0.648737735218472
day_2048,2,0,0.5783928036689758
day_2048,2,0,0.30675310724311405
day_2048,2,0,0.6833711995018853
day_2048,2,0,0.43360696236292523
day_2048,2,0,0.26112455791897243
day_2048,2,0,0.2767165121104982
day_2048,2,0,0.27629512714015114
day_2048,2,0,0.8222036295466952
day_2048,2,0,0.4457688844866223
day_2048,2,0,0.22480620609389412
day_2048,2,0,0.2663559698396259
day_2048,2,0,0.5093124707539877
day_2048,2,0,0.739101509253184
day_2048,2,0,0.38115359014934963
day_2048,2,0,0.34051647451188827
day_2048,2,0,0.36307671169439953
day_2048,2,0,0.4024121943447325
day_2048,2,0,0.4280260768201616
day_2048,2,0,0.2666410323646333
day_2048,2,0,0.7085271742608812
day_2048,2,0,0.36773037248187596
day_2048,2,0,0.29156039903561276
day_2048,2,0,0.3555646538734436
day_2048,2,0,0.6864339974191453
day_2048,2,0,0.591319653722975
day_2048,2,0,0.28578074276447296
day_2048,2,0,0.417294012175666
day_2048,2,0,0.2157471718059646
day_2048,2,0,0.43995225098397994
day_2048,2,0,0.5783670213487413
day_2048,2,0,0.3131590137879054
day_2048,2,0,0.4890997376706865
day_2048,2,0,0.7880998022026486
day_2048,2,0,0.2880035671922896
day_2048,2,0,0.2387595052520434
day_2048,2,0,0.3632317715220981
day_2048,2,0,0.7001901533868577
day_2048,2,0,0.5384728146923913
day_2048,2,0,0.47946473956108093
day_2048,2,0,0.2676740338404973
day_2048,2,0,0.2568001300096512
day_2048,2,0,0.3216005629963345
day_2048,2,0,0.6394087771574656
day_2048,2,0,0.2665458172559738
day_2048,2,0,0.16824241396453646
day_2048,2,0,0.6434947169489331
day_2048,2,0,0.26454396545886993
day_2048,2,0,0.4687910709116194
day_2048,2,0,0.4771655897299449
day_2048,2,0,0.3305551095141305
day_2048,2,0,0.3036862959464391
day_2048,2,0,0.155250393682056
day_2048,2,0,0.3636826343006558
day_2048,2,0,0.15745208743545744
day_2048,2,0,0.38752322064505684
day_2048,2,0,0.3113212792409791
day_2048,2,0,0.5785593738158544
day_2048,2,0,0.1601390830344624
day_2048,2,0,0.4035366293456819
day_2048,2,0,0.49181123243437874
day_2048,2,0,0.31851741671562195
day_2048,2,0,0.5355176892545488
day_2048,2,0,0.38752322064505684
day_2048,2,0,0.47946473956108093
day_2048,2,0,0.5851756797896491
day_2048,2,0,0.2716314130359226
day_2048,2,0,0.5325323575072818
day_2048,2,0,0.5643804901176028
day_2048,2,0,0.2587212373812993
day_2048,2,0,0.6344582306014167
day_2048,2,0,0.4054543632600043
day_2048,2,0,0.44601552685101825
day_2048,2,0,0.5356843190060722
day_2048,2,0,0.44778066542413497
day_2048,2,0,0.12308335055907567
day_2048,2,0,0.5806705057621002
day_2048,2,0,0.7020135389433967
day_2048,2,0,0.12308335055907567
day_2048,2,0,0.3502209840549363
day_2048,2,0,0.12308335055907567
day_2048,2,0,0.6596611340840658
day_2048,2,0,0.21298123564985064
day_2048,2,0,0.6225799653265212
day_2048,2,0,0.2794795110821724
day_2048,2,0,0.12308335055907567
day_2048,2,0,0.7028130624029372
day_2048,2,0,0.4902872062391705
day_2048,2,0,0.5986224379804399
day_2048,2,0,0.41452004346582627
day_2048,2,0,0.6876812775929769
day_2048,2,0,0.12308335055907567
day_2048,2,0,0.12308335055907567
day_2048,2,0,0.12308335055907567
day_2048,2,0,0.5990485350290934
day_2048,2,0,0.6651135947969224
day_2048,2,0,0.48959628740946454
day_2048,2,0,0.25905583550532657
day_2048,2,0,0.12308335055907567
day_2048,2,0,0.12308335055907567
day_2048,2,0,0.21262456393904156
day_2048,2,0,0.240048853887452
day_2048,2,0,0.7251382867495219
day_2048,2,0,0.675949881474177
day_2048,2,0,0.12308335055907567
day_2048,2,0,0.12308335055907567
day_2048,2,0,0.12308335055907567
day_2048,2,0,0.12308335055907567
day_2048,2,0,0.559592992067337
day_2048,2,0,0.5681040320131514
day_2048,2,0,0.2598076942894194
day_2048,2,0,0.7385336226887174
day_2048,2,0,0.5249316824807061
day_2048,2,0,0.4109988311926524
day_2048,2,0,0.4586698379781511
day_2048,2,0,0.49988841348224217
day_2048,2,0,0.4915720456176334
day_2048,2,0,0.2988000098201964
day_2048,2,0,0.3003985500997967
day_2048,2,0,0.2870385878615909
day_2048,2,0,0.3224707096815109
day_2048,2,0,0.6009382175074683
day_2048,2,0,0.5064351856708527
day_2048,2,0,0.26652677522765267
day_2048,2,0,0.4168186088403066
day_2048,2,0,0.48841098613209194
day_2048,2,0,0.20339101387394798
day_2048,2,0,0.3905874937772751
day_2048,2,0,0.3229762497875426
day_2048,2,0,0.7261924743652344
day_2048,2,0,0.6836077703369988
day_2048,2,0,0.11300787495242225
day_2048,2,0,0.5483940806653764
day_2048,2,0,0.3003985500997967
day_2048,2,0,0.24247888144519594
day_2048,2,0,0.31175437238481307
day_2048,2,0,0.5249316824807061
day_2048,2,0,0.2437720066971249
day_2048,2,0,0.5322955879900191
day_2048,2,0,0.46929167045487297
day_2048,2,0,0.6301930778556399
day_2048,2,0,0.5565905239846971
day_2048,2,0,0.49988841348224217
day_2048,2,0,0.2375892615980572
day_2048,2,0,0.37076035804218715
day_2048,2,0,0.4829632639884949
day_2048,2,0,0.2375892615980572
day_2048,2,0,0.11663718728555574
day_2048,2,0,0.1293097361922264
day_2048,2,0,0.2775612324476242
day_2048,2,0,0.43306424220403034
day_2048,2,0,0.5275822728872299
day_2048,2,0,0.6692373553911845
day_2048,2,0,0.3625027885039647
day_2048,2,0,0.17045252521832785
day_2048,2,0,0.2156387683418062
day_2048,2,0,0.3014096783267127
day_2048,2,0,0.21465060114860535
day_2048,2,0,0.12501648689309755
day_2048,2,0,0.5854128268029954
day_2048,2,0,0.6639445026715597
day_2048,2,0,0.2420485019683838
day_2048,2,0,0.393115801943673
day_2048,2,0,0.1691997448603312
day_2048,2,0,0.4801340334945255
day_2048,2,0,0.2850882907708486
day_2048,2,0,0.3721946295764711
day_2048,2,0,0.5376219782564375
day_2048,2,0,0.2831571449836095
day_2048,2,0,0.39344115886423325
day_2048,2,0,0.2969217316971885
day_2048,2,0,0.21622728887531492
day_2048,2,0,0.74286197953754
day_2048,2,0,0.23189028600851694
day_2048,2,0,0.17825584361950556
day_2048,2,0,0.3769562277528975
day_2048,2,0,0.5246678292751312
day_2048,2,0,0.4530528336763382
day_2048,2,0,0.14826804316706127
day_2048,2,0,0.48338399330774945
day_2048,2,0,0.7355959614117941
day_2048,2,0,0.2412955007619328
day_2048,2,0,0.4124039974477556
day_2048,2,0,0.11742123464743297
day_2048,2,0,0.11742123464743297
day_2048,2,0,0.23792718350887299
day_2048,2,0,0.46659491459528607
day_2048,2,0,0.2849823269579146
day_2048,2,0,0.4109895063771142
day_2048,2,0,0.4247132134106424
day_2048,2,0,0.7074770430723826
day_2048,2,0,0.24432596233155993
day_2048,2,0,0.228819587164455
day_2048,2,0,0.46547414196862114
day_2048,2,0,0.15945318424039417
day_2048,2,0,0.3888443211714427
day_2048,2,0,0.5163251360257467
day_2048,2,0,0.45159385601679486
day_2048,2,0,0.448996987607744
day_2048,2,0,0.43951691604322857
day_2048,2,0,0.261748280790117
day_2048,2,0,0.5365803904003568
day_2048,2,0,0.36913689970970154
day_2048,2,0,0.28888213055001366
day_2048,2,0,0.16229854772488275
day_2048,2,0,0.17949175834655762
day_2048,2,0,0.6268202662467957
day_2048,2,0,0.47910721434487236
day_2048,2,0,0.7194424966971079
day_2048,2,0,0.539590640200509
day_2048,2,0,0.24863595101568434
day_2048,2,0,0.4982474346955617
day_2048,2,0,0.17556770683990586
day_2048,2,0,0.43241652846336365
day_2048,2,0,0.45355773634380764
day_2048,2,0,0.34144138793150586
day_2048,2,0,0.1657232360707389
day_2048,2,0,0.42883920007281834
day_2048,2,0,0.2895416882303026
day_2048,2,0,0.6692741745048099
day_2048,2,0,0.4415089471472634
day_2048,2,0,0.32181839893261593
day_2048,2,0,0.3594014313485887
day_2048,2,0,0.16720114896694818
day_2048,2,0,0.8062383731206259
day_2048,2,0,0.24710222582022348
day_2048,2,0,0.32395199603504604
day_2048,2,0,0.2888280600309372
day_2048,2,0,0.7337276471985711
day_2048,2,0,0.6850528187221951
day_2048,2,0,0.26384854813416797
day_2048,2,0,0.5918946829107072
day_2048,2,0,0.23028932842943403
day_2048,2,0,0.3464834342400233
day_2048,2,0,0.2204830845197042
day_2048,2,0,0.3916627946827147
day_2048,2,0,0.6911991635958353
day_2048,2,0,0.5474560393227471
day_2048,2,0,0.449738085269928
day_2048,2,0,0.8352179593510098
day_2048,2,0,0.5121047000090281
day_2048,2,0,0.3437380525800917
day_2048,2,0,0.32590298189057243
day_2048,2,0,0.5452235241731008
day_2048,2,0,0.6324876414404975
day_2048,2,0,0.4146972596645355
day_2048,2,0,0.6239173081186082
day_2048,2,0,0.13265868980023596
day_2048,2,0,0.28909466167291004
day_2048,2,0,0.2687339070770476
day_2048,2,0,0.15058790312872994
day_2048,2,0,0.615112841129303
day_2048,2,0,0.3038366685311
day_2048,2,0,0.6523957318729825
day_2048,2,0,0.2306748860412174
day_2048,2,0,0.3610668480396271
day_2048,2,0,0.2888280600309372
day_2048,2,0,0.35359837611516315
day_2048,2,0,0.33716638055112624
day_2048,2,0,0.7470696634716458
day_2048,2,0,0.12197797579897775
day_2048,2,0,0.5571256743537055
day_2048,2,0,0.15116621346937287
day_2048,2,0,0.13124962275226912
day_2048,2,0,0.17303473585181767
day_2048,2,0,0.6580672992600335
day_2048,2,0,0.11923570351468192
day_2048,2,0,0.15244439823759925
day_2048,2,0,0.6142551932069991
day_2048,2,0,0.11301644643147786
day_2048,2,0,0.13525297823879454
day_2048,2,0,0.13219178178244168
day_2048,2,0,0.1662863844798671
day_2048,2,0,0.17569363613923392
day_2048,2,0,0.21228598968850243
day_2048,2,0,0.15893715537256664
day_2048,2,0,0.17707178244988123
day_2048,2,0,0.42518510421117145
day_2048,2,0,0.12320640683174133
day_2048,2,0,0.11698257343636619
day_2048,2,0,0.4015449798769421
day_2048,2,0,0.1128690851231416
day_2048,2,0,0.1916102162665791
day_2048,2,0,0.32091253168053097
day_2048,2,0,0.14831474588976967
day_2048,2,0,0.10750489806135495
day_2048,2,0,0.10141564533114433
day_2048,2,0,0.6031858523686727
day_2048,2,0,0.14831474588976967
day_2048,2,0,0.5420872569084167
day_2048,2,0,0.4015449798769421
day_2048,2,0,0.17817726814084583
day_2048,2,0,0.17569363613923392
day_2048,2,0,0.17259854161077076
day_2048,2,0,0.21653404004044002
day_2048,2,0,0.5068632397386763
day_2048,2,0,0.13014721249540648
day_2048,2,0,0.3897169166141086
day_2048,2,0,0.2824075867732366
day_2048,2,0,0.32204920219050515
day_2048,2,0,0.4257985055446625
day_2048,2,0,0.32153269317415023
day_2048,2,0,0.43244745168421006
day_2048,2,0,0.42591295308536953
day_2048,2,0,0.4735943426688512
day_2048,2,0,0.4407985144191318
day_2048,2,0,0.4614374985297521
day_2048,2,0,0.3918212221728431
day_2048,2,0,0.43425555858347153
day_2048,2,0,0.25220759212970734
day_2048,2,0,0.39086952143245274
day_2048,2,0,0.520578169160419
day_2048,2,0,0.27222222917609745
day_2048,2,0,0.17324271466996935
day_2048,2,0,0.5605998701519437
day_2048,2,0,0.2723601973719067
day_2048,2,0,0.3145315365658866
day_2048,2,0,0.4013699342807134
day_2048,2,0,0.342617263396581
day_2048,2,0,0.2824075867732366
day_2048,2,0,0.3598915520641539
day_2048,2,0,0.5922573738627963
day_2048,2,0,0.2663116173611747
day_2048,2,0,0.3457527839475208
day_2048,2,0,0.5191544228129916
day_2048,2,0,0.4498673578103383
day_2048,2,0,0.397297375731998
day_2048,2,0,0.5245842668745253
day_2048,2,0,0.47753186689482796
day_2048,2,0,0.5065123637517294
day_2048,2,0,0.3442147473494212
day_2048,2,0,0.4088847272925907
day_2048,2,0,0.5984868672158983
day_2048,2,0,0.3449488464328978
day_2048,2,0,0.4569586416085561
day_2048,2,0,0.3807119329770406
day_2048,2,0,0.6917255520820618
day_2048,2,0,0.29431097043885124
day_2048,2,0,0.5379121237330966
day_2048,2,0,0.24156667292118073
day_2048,2,0,0.53973831070794
day_2048,2,0,0.28407352831628585
day_2048,2,0,0.3610020445452796
day_2048,2,0,0.5390124221642812
day_2048,2,0,0.33974386420514846
day_2048,2,0,0.5535542733139462
day_2048,2,0,0.6671725511550903
day_2048,2,0,0.24490291211340162
day_2048,2,0,0.33994126816590625
day_2048,2,0,0.4753596882025401
day_2048,2,0,0.4508141411675347
day_2048,2,0,0.23281337320804596
day_2048,2,0,0.3076025777392917
day_2048,2,0,0.5801419251494937
day_2048,2,0,0.49462788965966964
day_2048,2,0,0.5208152135213217
day_2048,2,0,0.28238219850593144
day_2048,2,0,0.2808609190914366
day_2048,2,0,0.7321027716000875
day_2048,2,0,0.23922831316788992
day_2048,2,0,0.46015001005596584
day_2048,2,0,0.4995476139916314
day_2048,2,0,0.21116465619868702
day_2048,2,0,0.3575371205806732
day_2048,2,0,0.6671725511550903
day_2048,2,0,0.29186459713512
day_2048,2,0,0.2502017882135179
day_2048,2,0,0.21376997315221363
day_2048,2,0,0.3672233786847856
day_2048,2,0,0.472461548116472
day_2048,2,0,0.7137292226155599
day_2048,2,0,0.44448058472739327
day_2048,2,0,0.3592538949516084
day_2048,2,0,0.33828190631336635
day_2048,2,0,0.1158902355366283
day_2048,2,0,0.7637124392721388
day_2048,2,0,0.6415217452579074
day_2048,2,0,0.2997160603602727
day_2048,2,0,0.38273511495855117
day_2048,2,0,0.4089613656202952
day_2048,2,0,0.28989125622643364
day_2048,2,0,0.2971150113476647
day_2048,2,0,0.3382627773616049
day_2048,2,0,0.1726697873738077
day_2048,2,0,0.6415217452579074
day_2048,2,0,0.19418264428774515
day_2048,2,0,0.29123124811384415
day_2048,2,0,0.7591281599468656
day_2048,2,0,0.19124777697854572
day_2048,2,0,0.31164951622486115
day_2048,2,0,0.38403518829080796
day_2048,2,0,0.38292433983749813
day_2048,2,0,0.19340806123283175
day_2048,2,0,0.24730797608693442
day_2048,2,0,0.33653881814744735
day_2048,2,0,0.21855205049117407
day_2048,2,0,0.2637443095445633
day_2048,2,0,0.23899044510391024
day_2048,2,0,0.2837480902671814
day_2048,2,0,0.24766963058047825
day_2048,2,0,0.46033769845962524
day_2048,2,0,0.4212922188970778
day_2048,2,0,0.39478298359447056
day_2048,2,0,0.34099635978539783
day_2048,2,0,0.4947417875130971
day_2048,2,0,0.646062132385042
day_2048,2,0,0.6767842902077569
day_2048,2,0,0.36986708641052246
day_2048,2,0,0.47295593553119236
day_2048,2,0,0.44885963532659745
day_2048,2,0,0.6249156461821662
day_2048,2,0,0.5604874524805281
day_2048,2,0,0.5442696909109751
day_2048,2,0,0.44627371430397034
day_2048,2,0,0.24064205090204874
day_2048,2,0,0.5436023904217614
day_2048,2,0,0.34695454438527423
day_2048,2,0,0.37014146314726937
day_2048,2,0,0.9048035012351142
day_2048,2,0,0.4572456346617805
day_2048,2,0,0.6339243816004859
day_2048,2,0,0.30651682284143233
day_2048,2,0,0.6871999071704017
day_2048,2,0,0.4322385787963867
day_2048,2,0,0.4810323003265593
day_2048,2,0,0.3517484449677997
day_2048,2,0,0.2735782166322072
day_2048,2,0,0.24257103353738785
day_2048,2,0,0.2561642486188147
day_2048,2,0,0.27203623950481415
day_2048,2,0,0.6137871311770545
day_2048,2,0,0.6122620503107706
day_2048,2,0,0.3194251706202825
day_2048,2,0,0.2753553589185079
day_2048,2,0,0.5430924230151706
day_2048,2,0,0.8018729819191827
day_2048,2,0,0.32911058101389146
day_2048,2,0,0.4248830907874637
day_2048,2,0,0.40873977541923523
day_2048,2,0,0.29752927356296116
day_2048,2,0,0.44912033610873753
day_2048,2,0,0.6192097266515096
day_2048,2,0,0.262301257914967
day_2048,2,0,0.5002903673383925
day_2048,2,0,0.5020234535137812
day_2048,2,0,0.363269888692432
day_2048,2,0,0.363269888692432
day_2048,2,0,0.363269888692432
day_2048,2,0,0.363269888692432
day_2048,2,0,0.363269888692432
day_2048,2,0,0.363269888692432
day_2048,2,0,0.363269888692432
day_2048,2,0,0.363269888692432
day_2048,2,0,0.363269888692432
day_2048,2,0,0.3382341265678406
day_2048,2,0,0.512296156750785
day_2048,2,0,0.363269888692432
day_2048,2,0,0.363269888692432
day_2048,2,0,0.3609709110524919
day_2048,2,0,0.363269888692432
day_2048,2,0,0.363269888692432
day_2048,2,0,0.363269888692432
day_2048,2,0,0.363269888692432
day_2048,2,0,0.363269888692432
day_2048,2,0,0.363269888692432
day_2048,2,0,0.363269888692432
day_2048,2,0,0.363269888692432
day_2048,2,0,0.5428595311111875
day_2048,2,0,0.42218588127030265
day_2048,2,0,0.363269888692432
day_2048,2,0,0.363269888692432
day_2048,2,0,0.363269888692432
day_2048,2,0,0.749260663986206
day_2048,2,0,0.35281457338068223
day_2048,2,0,0.363269888692432
day_2048,2,0,0.363269888692432
day_2048,2,0,0.363269888692432
day_2048,2,0,0.363269888692432
day_2048,2,0,0.363269888692432
day_2048,2,0,0.363269888692432
day_2048,2,0,0.363269888692432
day_2048,2,0,0.363269888692432
day_2048,2,0,0.6248696711328294
day_2048,2,0,0.48024241129557294
day_2048,2,0,0.6713488300641378
day_2048,2,0,0.3470619453324212
day_2048,2,0,0.21677645461426842
day_2048,2,0,0.17748171339432398
day_2048,2,0,0.37216969662242466
day_2048,2,0,0.13209839703308213
day_2048,2,0,0.44799843430519104
day_2048,2,0,0.6310441560215421
day_2048,2,0,0.10575288492772314
day_2048,2,0,0.4608361091878679
day_2048,2,0,0.31953544086880153
day_2048,2,0,0.6773830188645257
day_2048,2,0,0.4724454747305976
day_2048,2,0,0.12741050786442226
day_2048,2,0,0.18918838020828035
day_2048,2,0,0.6719067460960813
day_2048,2,0,0.6354846987459395
day_2048,2,0,0.690365195274353
day_2048,2,0,0.16309771521223915
day_2048,2,0,0.5001282393932343
day_2048,2,0,0.6527216103341844
day_2048,2,0,0.2473233226272795
day_2048,2,0,0.19238880938953823
day_2048,2,0,0.20782062742445204
day_2048,2,0,0.38609414133760667
day_2048,2,0,0.2473233226272795
day_2048,2,0,0.21473251945442623
day_2048,2,0,0.21539007210069233
day_2048,2,0,0.4793817632728153
day_2048,2,0,0.21233228014575112
day_2048,2,0,0.4432619247171614
day_2048,2,0,0.32283013603753513
day_2048,2,0,0.45447660817040336
day_2048,2,0,0.2409712630841467
day_2048,2,0,0.3346386369731691
day_2048,2,0,0.23645134518543878
day_2048,2,0,0.31270521216922337
day_2048,2,0,0.3274448927905824
day_2048,2,0,0.23037167886892954
day_2048,2,0,0.23625267214245266
day_2048,2,0,0.4636942446231842
day_2048,2,0,0.5381537344720628
day_2048,2,0,0.4060145318508148
day_2048,2,0,0.8353694544898139
day_2048,2,0,0.20185617936982048
day_2048,2,0,0.2173245938287841
day_2048,2,0,0.5776239004400041
day_2048,2,0,0.43636470039685565
day_2048,2,0,0.17780972520510355
day_2048,2,0,0.397367258866628
day_2048,2,0,0.6718869672881232
day_2048,2,0,0.2987623347176446
day_2048,2,0,0.6745750837855868
day_2048,2,0,0.2727034505870607
day_2048,2,0,0.4643065432707469
day_2048,2,0,0.4739949537648095
day_2048,2,0,0.7029903531074524
day_2048,2,0,0.24250747015078863
day_2048,2,0,0.26457596984174514
day_2048,2,0,0.24557498180203968
day_2048,2,0,0.17368093381325403
day_2048,2,0,0.08775608158773845
day_2048,2,0,0.47806647585497963
day_2048,2,0,0.6390851106908586
day_2048,2,0,0.26920177042484283
day_2048,2,0,0.4191582103570302
day_2048,2,0,0.5385200447506375
day_2048,2,0,0.11856420834859212
day_2048,2,0,0.5076432592338986
day_2048,2,0,0.5758146742979685
day_2048,2,0,0.42649634016884697
day_2048,2,0,0.6683291991551717
day_2048,2,0,0.289008519715733
day_2048,2,0,0.1559747022887071
day_2048,2,0,0.15198433647553125
day_2048,2,0,0.34026693883869386
day_2048,2,0,0.10181710744897525
day_2048,2,0,0.09676040895283222
day_2048,2,0,0.11903100709120433
day_2048,2,0,0.1475067093140549
day_2048,2,0,0.14672055261002648
day_2048,2,0,0.09063176520996624
day_2048,2,0,0.48068925076060826
day_2048,2,0,0.47368040680885315
day_2048,2,0,0.38257934980922276
day_2048,2,0,0.37450028790367973
day_2048,2,0,0.3769378314415614
day_2048,2,0,0.09336827964418465
day_2048,2,0,0.13597726739115185
day_2048,2,0,0.08837861277990872
day_2048,2,0,0.26843741287787753
day_2048,2,0,0.09949756496482426
day_2048,2,0,0.0913172062072489
day_2048,2,0,0.10520523807240857
day_2048,2,0,0.4486558321449492
day_2048,2,0,0.08931431898640262
day_2048,2,0,0.13961881895860037
day_2048,2,0,0.24854332581162453
day_2048,2,0,0.14337413095765644
day_2048,2,0,0.1435973263449139
day_2048,2,0,0.17740776845150524
day_2048,2,0,0.4228217750787735
day_2048,2,0,0.05649703451328807
day_2048,2,0,0.18745199094216028
day_2048,2,0,0.45885634587870705
day_2048,2,0,0.14828867299689186
day_2048,2,0,0.08753985663255055
day_2048,2,0,0.08143309855626689
day_2048,2,0,0.104269716474745
day_2048,2,0,0.5710778600639768
day_2048,2,0,0.1756023574206564
day_2048,2,0,0.15367093516720665
day_2048,2,0,0.21940940452946556
day_2048,2,0,0.34168357650438946
day_2048,2,0,0.5830829872025384
day_2048,2,0,0.2693336606025696
day_2048,2,0,0.317545548081398
day_2048,2,0,0.25961290134323967
day_2048,2,0,0.3538695474465688
day_2048,2,0,0.2519742018646664
day_2048,2,0,0.3114614321125878
day_2048,2,0,0.15367093516720665
day_2048,2,0,0.5464712546931373
day_2048,2,0,0.6772895852724711
day_2048,2,0,0.43039201696713764
day_2048,2,0,0.2553371290365855
day_2048,2,0,0.6597361101044549
day_2048,2,0,0.3192041367292404
day_2048,2,0,0.3070927792125278
day_2048,2,0,0.24057495759593117
day_2048,2,0,0.4512202673488193
day_2048,2,0,0.5440658264689975
day_2048,2,0,0.3843208650747935
day_2048,2,0,0.48232803742090863
day_2048,2,0,0.15367093516720665
day_2048,2,0,0.1549151051375601
day_2048,2,0,0.6799219184451633
day_2048,2,0,0.3708993097146352
day_2048,2,0,0.22377557969755596
day_2048,2,0,0.414456264840232
day_2048,2,0,0.15367093516720665
day_2048,2,0,0.7343985040982565
day_2048,2,0,0.4935440553559197
day_2048,2,0,0.5594363643063439
day_2048,2,0,0.5933550298213959
day_2048,2,0,0.20847610301441616
day_2048,2,0,0.3777966532442305
day_2048,2,0,0.46394674645529854
day_2048,2,0,0.3082382033268611
day_2048,2,0,0.6359647346867455
day_2048,2,0,0.1800260121623675
day_2048,2,0,0.6403229335943857
day_2048,2,0,0.6217511163817512
day_2048,2,0,0.38677286605040234
day_2048,2,0,0.43171652489238316
day_2048,2,0,0.34182213412390816
day_2048,2,0,0.23102017574840122
day_2048,2,0,0.4105268625749482
day_2048,2,0,0.7748962077829573
day_2048,2,0,0.6010996732446883
day_2048,2,0,0.4156853457291921
day_2048,2,0,0.34100863337516785
day_2048,2,0,0.39484238459004295
day_2048,2,0,0.29782890445656246
day_2048,2,0,0.46092990040779114
day_2048,2,0,0.13324697067340216
day_2048,2,0,0.31426093396213317
day_2048,2,0,0.4242192937268151
day_2048,2,0,0.45866408281856114
day_2048,2,0,0.6202350291940901
day_2048,2,0,0.43693415489461684
day_2048,2,0,0.43693415489461684
day_2048,2,0,0.523960014184316
day_2048,2,0,0.5224389500088162
day_2048,2,0,0.19826939122544396
day_2048,2,0,0.4600219958358341
day_2048,2,0,0.5889650881290436
day_2048,2,0,0.5402640998363495
day_2048,2,0,0.2855495512485504
day_2048,2,0,0.5283828874429067
day_2048,2,0,0.49972496098942226
day_2048,2,0,0.2909388376606835
day_2048,2,0,0.621943924162123
day_2048,2,0,0.24949420326285893
day_2048,2,0,0.1487801116373804
day_2048,2,0,0.40582678384251064
day_2048,2,0,0.25698791775438523
day_2048,2,0,0.19844434079196718
day_2048,2,0,0.24715669618712532
day_2048,2,0,0.3719753821690877
day_2048,2,0,0.21134395152330399
day_2048,2,0,0.4229227834277683
day_2048,2,0,0.07892861879534191
day_2048,2,0,0.4288766185442607
day_2048,2,0,0.42814695835113525
day_2048,2,0,0.18043752511342367
day_2048,2,0,0.7578103674782647
day_2048,2,0,0.27769290076361763
day_2048,2,0,0.17320190287298626
day_2048,2,0,0.09601939386791652
day_2048,2,0,0.6876940528551737
day_2048,2,0,0.09407074045803812
day_2048,2,0,0.1468091607093811
day_2048,2,0,0.3540777795844608
day_2048,2,0,0.4612433695130878
day_2048,2,0,0.23617243435647753
day_2048,2,0,0.1785431702931722
day_2048,2,0,0.46728015939394635
day_2048,2,0,0.47167689601580304
day_2048,2,0,0.2800014184580909
day_2048,2,0,0.09407074045803812
day_2048,2,0,0.513418929444419
day_2048,2,0,0.17523618621958625
day_2048,2,0,0.07892861879534191
day_2048,2,0,0.7578103674782647
day_2048,2,0,0.08311584343512853
day_2048,2,0,0.12619944206542438
day_2048,2,0,0.37187522815333474
day_2048,2,0,0.16022898587915632
day_2048,2,0,0.7452787558237711
day_2048,2,0,0.12172530508703655
day_2048,2,0,0.22706793165869182
day_2048,2,0,0.24515039804908964
day_2048,2,0,0.41457171241442364
day_2048,2,0,0.26740917894575333
day_2048,2,0,0.28852516909440357
day_2048,2,0,0.2414850675397449
day_2048,2,0,0.2822040186987983
day_2048,2,0,0.4707861708270179
day_2048,2,0,0.5576269725958506
day_2048,2,0,0.7007011108928256
day_2048,2,0,0.22386712663703495
day_2048,2,0,0.24132882720894283
day_2048,2,0,0.24886073503229353
day_2048,2,0,0.404456141922209
day_2048,2,0,0.5201885037951999
day_2048,2,0,0.45553106400701737
day_2048,2,0,0.2071233300699128
day_2048,2,0,0.20938718815644583
day_2048,2,0,0.576987259917789
day_2048,2,0,0.27733924488226575
day_2048,2,0,0.5968104468451606
day_2048,2,0,0.20873790234327316
day_2048,2,0,0.2440712187025282
day_2048,2,0,0.19665016647842196
day_2048,2,0,0.25294553322924507
day_2048,2,0,0.4963142110241784
day_2048,2,0,0.5619269907474518
day_2048,2,0,0.7102292577425638
day_2048,2,0,0.5201441612508562
day_2048,2,0,0.09378311079409388
day_2048,2,0,0.30695437557167476
day_2048,2,0,0.541404641336865
day_2048,2,0,0.22914918843242857
day_2048,2,0,0.2537374446789424
day_2048,2,0,0.24794592294428083
day_2048,2,0,0.24770943820476532
day_2048,2,0,0.24761203345325258
day_2048,2,0,0.1796203065249655
day_2048,2,0,0.2977801296446059
day_2048,2,0,0.18695453802744547
day_2048,2,0,0.39641787442896104
day_2048,2,0,0.2753571636146969
day_2048,2,0,0.30292719933721757
day_2048,2,0,0.5620674557156033
day_2048,2,0,0.39641787442896104
day_2048,2,0,0.6691865258746676
day_2048,2,0,0.5195745693312751
day_2048,2,0,0.2977801296446059
day_2048,2,0,0.346390758951505
day_2048,2,0,0.433085087272856
day_2048,2,0,0.5899652871820662
day_2048,2,0,0.5906622542275323
day_2048,2,0,0.10915973037481308
day_2048,2,0,0.08529916322893566
day_2048,2,0,0.5332872304651473
day_2048,2,0,0.6691865258746676
day_2048,2,0,0.2977801296446059
day_2048,2,0,0.39641787442896104
day_2048,2,0,0.12962857882181802
day_2048,2,0,0.2301171819368998
day_2048,2,0,0.6884878940052457
day_2048,2,0,0.25659405026170945
day_2048,2,0,0.500642951991823
day_2048,2,0,0.23063827554384866
day_2048,2,0,0.24121372567282784
day_2048,2,0,0.4245114823182424
day_2048,2,0,0.3828826496998469
day_2048,2,0,0.6100349757406447
day_2048,2,0,0.22230219344298044
day_2048,2,0,0.7859395146369934
day_2048,2,0,0.5906622542275323
day_2048,2,0,0.26392989108959836
day_2048,2,0,0.6244026687410142
day_2048,2,0,0.2602391292651494
day_2048,2,0,0.357169595029619
day_2048,2,0,0.39114009340604144
day_2048,2,0,0.8254528840382894
day_2048,2,0,0.2920249270068275
day_2048,2,0,0.6632214983304342
day_2048,2,0,0.5965364608499739
day_2048,2,0,0.12976359203457832
day_2048,2,0,0.6015679306454129
day_2048,2,0,0.330830497874154
day_2048,2,0,0.4776762028535207
day_2048,2,0,0.4946948786576589
day_2048,2,0,0.44329362776544357
day_2048,2,0,0.20016558551126057
day_2048,2,0,0.4752107693089379
day_2048,2,0,0.6422797706392076
day_2048,2,0,0.4293759862581889
day_2048,2,0,0.4309112876653671
day_2048,2,0,0.26804041034645504
day_2048,2,0,0.4689371950096554
day_2048,2,0,0.7194796866840787
day_2048,2,0,0.5237230029371049
day_2048,2,0,0.28677861558066475
day_2048,2,0,0.4813002083036635
day_2048,2,0,0.2733864022625817
day_2048,2,0,0.6203710238138834
day_2048,2,0,0.4515185025003221
day_2048,2,0,0.7207950817214118
day_2048,2,0,0.3210832195149528
day_2048,2,0,0.50218665599823
day_2048,2,0,0.1435870106021563
day_2048,2,0,0.663743429713779
day_2048,2,0,0.37900249825583565
day_2048,2,0,0.19980043835110134
day_2048,2,0,0.4236927694744534
day_2048,2,0,0.39654114842414856
day_2048,2,0,0.6591404875119528
day_2048,2,0,0.09918883215222093
day_2048,2,0,0.08481516316533089
day_2048,2,0,0.06437432559000121
day_2048,2,0,0.5667773452070024
day_2048,2,0,0.12348761264648703
day_2048,2,0,0.6247769279612435
day_2048,2,0,0.06437432559000121
day_2048,2,0,0.13753468377722633
day_2048,2,0,0.4112627257903417
day_2048,2,0,0.15162489439050356
day_2048,2,0,0.49839503897560966
day_2048,2,0,0.6005593140920004
day_2048,2,0,0.09671819168660375
day_2048,2,0,0.08481516316533089
day_2048,2,0,0.14017710048291418
day_2048,2,0,0.33841778006818557
day_2048,2,0,0.12348761264648703
day_2048,2,0,0.33841778006818557
day_2048,2,0,0.0691743865609169
day_2048,2,0,0.12429855101638371
day_2048,2,0,0.5035780519247055
day_2048,2,0,0.09918883215222093
day_2048,2,0,0.06437432559000121
day_2048,2,0,0.5667773452070024
day_2048,2,0,0.1528952850235833
day_2048,2,0,0.13998894807365206
day_2048,2,0,0.5035780519247055
day_2048,2,0,0.1018896603749858
day_2048,2,0,0.06450451724231243
day_2048,2,0,0.09759945629371537
day_2048,2,0,0.06404346351822217
day_2048,2,0,0.06404346351822217
day_2048,2,0,0.6005593140920004
day_2048,2,0,0.15162489439050356
day_2048,2,0,0.13568510818812582
day_2048,2,0,0.14017710048291418
day_2048,2,0,0.09759945629371537
day_2048,2,0,0.21485472718874613
day_2048,2,0,0.49944359726376003
day_2048,2,0,0.4158085435628891
day_2048,2,0,0.46599241760041976
day_2048,2,0,0.16098330997758442
day_2048,2,0,0.5995523929595947
day_2048,2,0,0.6453484098116556
day_2048,2,0,0.34751367900106644
day_2048,2,0,0.814625644021564
day_2048,2,0,0.5541889402601454
day_2048,2,0,0.37629199690288967
day_2048,2,0,0.6352939307689667
day_2048,2,0,0.12413796989454164
day_2048,2,0,0.40796682404147255
day_2048,2,0,0.49790051248338485
day_2048,2,0,0.10526690963241789
day_2048,2,0,0.5541889402601454
day_2048,2,0,0.11410290126999219
day_2048,2,0,0.3638908366362254
day_2048,2,0,0.158364185028606
day_2048,2,0,0.6089288426770104
day_2048,2,0,0.2506221913629108
day_2048,2,0,0.3205719110038545
day_2048,2,0,0.1500324441326989
day_2048,2,0,0.6284142633279165
day_2048,2,0,0.3236372205946181
day_2048,2,0,0.49944359726376003
day_2048,2,0,0.2811949733230803
day_2048,2,0,0.2770087520281474
day_2048,2,0,0.4385687940650516
day_2048,2,0,0.4902840157349904
day_2048,2,0,0.10526690963241789
day_2048,2,0,0.5816767348183526
day_2048,2,0,0.4816965096526676
day_2048,2,0,0.41497475571102566
day_2048,2,0,0.4722692734665341
day_2048,2,0,0.19810430539978874
day_2048,2,0,0.6199948787689209
day_2048,2,0,0.28246356381310356
day_2048,2,0,0.6747051742341783
day_2048,2,0,0.25892836848894757
day_2048,2,0,0.4718008091052373
day_2048,2,0,0.3729117446475559
day_2048,2,0,0.5753361516528659
day_2048,2,0,0.1279384270310402
day_2048,2,0,0.13861752218670315
day_2048,2,0,0.39080943332778084
day_2048,2,0,0.4981679949495528
day_2048,2,0,0.2998400264316135
day_2048,2,0,0.3115568459033966
day_2048,2,0,0.6560572981834412
day_2048,2,0,0.131731944779555
day_2048,2,0,0.3469480557574166
day_2048,2,0,0.4722002645333608
day_2048,2,0,0.5685773624314202
day_2048,2,0,0.251080807712343
day_2048,2,0,0.2905539953046375
day_2048,2,0,0.3835701396067937
day_2048,2,0,0.1530920167764028
day_2048,2,0,0.3934264083703359
day_2048,2,0,0.747083392408159
day_2048,2,0,0.2999522520436181
day_2048,2,0,0.49761906266212463
day_2048,2,0,0.22257593936390346
day_2048,2,0,0.7506563398573134
day_2048,2,0,0.2902737905581792
day_2048,2,0,0.4548560645845201
day_2048,2,0,0.4802841544151306
day_2048,2,0,0.35378681785530514
day_2048,2,0,0.43801825907495284
day_2048,2,0,0.3729117446475559
day_2048,2,0,0.1075931770933999
day_2048,2,0,0.42827601896391976
day_2048,2,0,0.13861752218670315
day_2048,2,0,0.24225759009520212
day_2048,2,0,0.35343577961126965
day_2048,2,0,0.35343577961126965
day_2048,2,0,0.49775351418389213
day_2048,2,0,0.5372982058260176
day_2048,2,0,0.6612987452083163
day_2048,2,0,0.14082620955175823
day_2048,2,0,0.3322518550687366
day_2048,2,0,0.4564556082089742
day_2048,2,0,0.866744875907898
day_2048,2,0,0.5101878378126357
day_2048,2,0,0.30998550686571336
day_2048,2,0,0.2124654750029246
day_2048,2,0,0.7070016662279764
day_2048,2,0,0.574613889058431
day_2048,2,0,0.35027407772011226
day_2048,2,0,0.5371844702296786
day_2048,2,0,0.2630022077096833
day_2048,2,0,0.2891928537024392
day_2048,2,0,0.525735080242157
day_2048,2,0,0.6004661321640015
day_2048,2,0,0.326589231689771
day_2048,2,0,0.27956507437758976
day_2048,2,0,0.29219351212183636
day_2048,2,0,0.5733798874749078
day_2048,2,0,0.2806098262468974
day_2048,2,0,0.3319287184211943
day_2048,2,0,0.5003329714139303
day_2048,2,0,0.2707245548566182
day_2048,2,0,0.3169979453086853
day_2048,2,0,0.2856970280408859
day_2048,2,0,0.2113687147696813
day_2048,2,0,0.5749487214618259
day_2048,2,0,0.33341678314738804
day_2048,2,0,0.3063217219379213
day_2048,2,0,0.2465150107940038
day_2048,2,0,0.26668452885415816
day_2048,2,0,0.6001819438404508
day_2048,2,0,0.4698719580968221
day_2048,2,0,0.43576085567474365
day_2048,2,0,0.28265563315815395
day_2048,2,0,0.1118647236790922
day_2048,2,0,0.4285708996984694
day_2048,2,0,0.1633952326244778
day_2048,2,0,0.27235982649856144
day_2048,2,0,0.3923131906323963
day_2048,2,0,0.294560765226682
day_2048,2,0,0.15374880035718283
day_2048,2,0,0.24099131094084847
day_2048,2,0,0.0882044726361831
day_2048,2,0,0.1906606000330713
day_2048,2,0,0.6764743195639716
day_2048,2,0,0.6295073959562514
day_2048,2,0,0.7511108650101556
day_2048,2,0,0.5503645473056369
day_2048,2,0,0.5533207588725619
day_2048,2,0,0.0882044726361831
day_2048,2,0,0.30820102327399784
day_2048,2,0,0.32344555689228904
day_2048,2,0,0.6243290404478709
day_2048,2,0,0.11201360614763366
day_2048,2,0,0.7511108650101556
day_2048,2,0,0.1659751915269428
day_2048,2,0,0.8899157245953878
day_2048,2,0,0.2420864784055286
day_2048,2,0,0.26196542382240295
day_2048,2,0,0.3926219344139099
day_2048,2,0,0.2499285207854377
day_2048,2,0,0.4432358245054881
day_2048,2,0,0.4189894331826104
day_2048,2,0,0.3179631597465939
day_2048,2,0,0.10120642267995411
day_2048,2,0,0.7178671095106337
day_2048,2,0,0.11371901424394713
day_2048,2,0,0.416773173544142
day_2048,2,0,0.10602778279119068
day_2048,2,0,0.28071533971362644
day_2048,2,0,0.3096933166186015
day_2048,2,0,0.27137625714143115
day_2048,2,0,0.637328651216295
day_2048,2,0,0.5669224063555399
day_2048,2,0,0.2960064858198166
day_2048,2,0,0.14631729241874483
day_2048,2,0,0.09744813789923985
day_2048,2,0,0.2883436100350486
day_2048,2,0,0.27808903488847947
day_2048,2,0,0.5243313809235891
day_2048,2,0,0.09773702712522613
day_2048,2,0,0.28071533971362644
day_2048,2,0,0.09744813789923985
day_2048,2,0,0.2720523604916202
day_2048,2,0,0.09744813789923985
day_2048,2,0,0.3121950411134296
day_2048,2,0,0.6513945791456435
day_2048,2,0,0.5896251102288564
day_2048,2,0,0.4263516068458557
day_2048,2,0,0.3131529308027691
day_2048,2,0,0.6921241482098898
day_2048,2,0,0.2618361281024085
day_2048,2,0,0.17486954563193852
day_2048,2,0,0.41055427491664886
day_2048,2,0,0.483028597301907
day_2048,2,0,0.26766856097512776
day_2048,2,0,0.2403841432597902
day_2048,2,0,0.44165799683994716
day_2048,2,0,0.09744813789923985
day_2048,2,0,0.6774533722135756
day_2048,2,0,0.22745753659142387
day_2048,2,0,0.4361425538857778
day_2048,2,0,0.27457528644137913
day_2048,2,0,0.09744813789923985
day_2048,2,0,0.2682603746652603
day_2048,2,0,0.2755345818069246
day_2048,2,0,0.27645741817024017
day_2048,2,0,0.4026671912935045
day_2048,2,0,0.24531090093983543
day_2048,2,0,0.2822012421157625
day_2048,2,0,0.47323465678426957
day_2048,2,0,0.2642797753214836
day_2048,2,0,0.635705851846271
day_2048,2,0,0.28523066971037125
day_2048,2,0,0.43426824775007034
day_2048,2,0,0.4377922746870253
day_2048,2,0,0.4863046010335286
day_2048,2,0,0.42612166537178886
day_2048,2,0,0.3759262694252862
day_2048,2,0,0.25422579960690606
day_2048,2,0,0.34777094920476276
day_2048,2,0,0.38715299632814193
day_2048,2,0,0.26845502273903954
day_2048,2,0,0.27481532593568164
day_2048,2,0,0.2597338126765357
day_2048,2,0,0.4903402494059669
day_2048,2,0,0.35680123832490707
day_2048,2,0,0.333270831240548
day_2048,2,0,0.32812495198514724
day_2048,2,0,0.4552126063240899
day_2048,2,0,0.2480933376484447
day_2048,2,0,0.3674541695250405
day_2048,2,0,0.3105945852067735
day_2048,2,0,0.26845502273903954
day_2048,2,0,0.40863942437701756
day_2048,2,0,0.2815389103359646
day_2048,2,0,0.43431659870677525
day_2048,2,0,0.25422579960690606
day_2048,2,0,0.5808955530325571
day_2048,2,0,0.24142822706037098
day_2048,2,0,0.25271692706478965
day_2048,3,1,0.10024124342534277
day_2048,3,1,0.4425707889927758
day_2048,3,1,0.796886662642161
day_2048,3,1,0.796886662642161
day_2048,3,1,0.4425707889927758
day_2048,3,1,0.3984619511498345
day_2048,3,1,0.4425707889927758
day_2048,3,1,0.4425707889927758
day_2048,3,1,0.4425707889927758
day_2048,3,1,0.3984619511498345
day_2048,3,1,0.4425707889927758
day_2048,3,1,0.7983691626124911
day_2048,3,1,0.4425707889927758
day_2048,3,1,0.75473509894477
day_2048,3,1,0.796886662642161
day_2048,3,1,0.75473509894477
day_2048,3,1,0.4425707889927758
day_2048,3,1,0.10024124342534277
day_2048,3,1,0.7767971555391947
day_2048,3,1,0.7983691626124911
day_2048,3,1,0.7767971555391947
day_2048,3,1,0.75473509894477
day_2048,3,1,0.10024124342534277
day_2048,3,1,0.10024124342534277
day_2048,3,1,0.7983691626124911
day_2048,3,1,0.4425707889927758
day_2048,3,1,0.75473509894477
day_2048,3,1,0.7983691626124911
day_2048,3,1,0.7983691626124911
day_2048,3,1,0.10024124342534277
day_2048,3,1,0.796886662642161
day_2048,3,1,0.3984619511498345
day_2048,3,1,0.4425707889927758
day_2048,3,1,0.7983691626124911
day_2048,3,1,0.7767971555391947
day_2048,3,1,0.7983691626124911
day_2048,3,1,0.7983691626124911
day_2048,3,1,0.9457622567812601
day_2048,3,1,0.9457622567812601
day_2048,3,1,0.9457622567812601
day_2048,3,1,0.9457622567812601
day_2048,3,1,0.9428644975026449
day_2048,3,1,0.9428644975026449
day_2048,3,1,0.9457622567812601
day_2048,3,1,0.9428644975026449
day_2048,3,1,0.9457622567812601
day_2048,3,1,0.9457622567812601
day_2048,3,1,0.9428644975026449
day_2048,3,1,0.9428644975026449
day_2048,3,1,0.9428644975026449
day_2048,3,1,0.9457622567812601
day_2048,3,1,0.9457622567812601
day_2048,3,1,0.9457622567812601
day_2048,3,1,0.9457622567812601
day_2048,3,1,0.9428644975026449
day_2048,3,1,0.9428644975026449
day_2048,3,1,0.9428644975026449
day_2048,3,1,0.9428644975026449
day_2048,3,1,0.9428644975026449
day_2048,3,1,0.9428644975026449
day_2048,3,1,0.9428644975026449
day_2048,3,1,0.9457622567812601
day_2048,3,1,0.9457622567812601
day_2048,3,1,0.9457622567812601
day_2048,3,1,0.9428644975026449
day_2048,3,1,0.9457622567812601
day_2048,3,1,0.9428644975026449
day_2048,3,1,0.9428644975026449
day_2048,3,1,0.9457622567812601
day_2048,3,1,0.9457622567812601
day_2048,3,1,0.9457622567812601
day_2048,3,1,0.9428644975026449
day_2048,3,1,0.9457622567812601
day_2048,3,1,0.9457622567812601
day_2048,3,1,0.7795779506365458
day_2048,3,1,0.7971447706222534
day_2048,3,1,0.6308815446164873
day_2048,3,1,0.7971447706222534
day_2048,3,1,0.7971447706222534
day_2048,3,1,0.7971447706222534
day_2048,3,1,0.6308815446164873
day_2048,3,1,0.7795779506365458
day_2048,3,1,0.669951445526547
day_2048,3,1,0.7795779506365458
day_2048,3,1,0.6308815446164873
day_2048,3,1,0.6308815446164873
day_2048,3,1,0.7971447706222534
day_2048,3,1,0.6308815446164873
day_2048,3,1,0.6308815446164873
day_2048,3,1,0.7795779506365458
day_2048,3,1,0.6308815446164873
day_2048,3,1,0.7971447706222534
day_2048,3,1,0.7971447706222534
day_2048,3,1,0.7795779506365458
day_2048,3,1,0.7971447706222534
day_2048,3,1,0.7971447706222534
day_2048,3,1,0.7795779506365458
day_2048,3,1,0.7795779506365458
day_2048,3,1,0.6308815446164873
day_2048,3,1,0.669951445526547
day_2048,3,1,0.669951445526547
day_2048,3,1,0.7795779506365458
day_2048,3,1,0.7971447706222534
day_2048,3,1,0.7795779506365458
day_2048,3,1,0.669951445526547
day_2048,3,1,0.6308815446164873
day_2048,3,1,0.7971447706222534
day_2048,3,1,0.6308815446164873
day_2048,3,1,0.6308815446164873
day_2048,3,1,0.6308815446164873
day_2048,3,1,0.669951445526547
day_2048,3,1,0.7896836267577277
day_2048,3,1,0.8055557741059197
day_2048,3,1,0.8873744606971741
day_2048,3,1,0.8055557741059197
day_2048,3,1,0.7896836267577277
day_2048,3,1,0.7896836267577277
day_2048,3,1,0.8055557741059197
day_2048,3,1,0.7896836267577277
day_2048,3,1,0.8873744606971741
day_2048,3,1,0.8055557741059197
day_2048,3,1,0.8055557741059197
day_2048,3,1,0.8873744606971741
day_2048,3,1,0.7896836267577277
day_2048,3,1,0.7896836267577277
day_2048,3,1,0.8055557741059197
day_2048,3,1,0.7896836267577277
day_2048,3,1,0.8873744606971741
day_2048,3,1,0.8873744606971741
day_2048,3,1,0.7896836267577277
day_2048,3,1,0.7896836267577277
day_2048,3,1,0.8873744606971741
day_2048,3,1,0.8873744606971741
day_2048,3,1,0.8873744606971741
day_2048,3,1,0.8055557741059197
day_2048,3,1,0.8873744606971741
day_2048,3,1,0.8873744606971741
day_2048,3,1,0.8055557741059197
day_2048,3,1,0.8873744606971741
day_2048,3,1,0.8055557741059197
day_2048,3,1,0.8055557741059197
day_2048,3,1,0.7896836267577277
day_2048,3,1,0.7896836267577277
day_2048,3,1,0.8055557741059197
day_2048,3,1,0.8055557741059197
day_2048,3,1,0.8873744606971741
day_2048,3,1,0.8873744606971741
day_2048,3,1,0.7896836267577277
day_2048,3,1,0.8784648776054382
day_2048,3,1,0.8788226776652865
day_2048,3,1,0.6637545592255063
day_2048,3,1,0.5205067065027025
day_2048,3,1,0.618989133172565
day_2048,3,1,0.8788226776652865
day_2048,3,1,0.6637545592255063
day_2048,3,1,0.3648057050175137
day_2048,3,1,0.8998683757252164
day_2048,3,1,0.5205067065027025
day_2048,3,1,0.8784648776054382
day_2048,3,1,0.5205067065027025
day_2048,3,1,0.6637545592255063
day_2048,3,1,0.8998683757252164
day_2048,3,1,0.8784648776054382
day_2048,3,1,0.3648057050175137
day_2048,3,1,0.8998683757252164
day_2048,3,1,0.8788226776652865
day_2048,3,1,0.618989133172565
day_2048,3,1,0.8784648776054382
day_2048,3,1,0.5205067065027025
day_2048,3,1,0.8788226776652865
day_2048,3,1,0.8788226776652865
day_2048,3,1,0.6637545592255063
day_2048,3,1,0.5205067065027025
day_2048,3,1,0.3648057050175137
day_2048,3,1,0.8788226776652865
day_2048,3,1,0.8784648776054382
day_2048,3,1,0.618989133172565
day_2048,3,1,0.5205067065027025
day_2048,3,1,0.5205067065027025
day_2048,3,1,0.8784648776054382
day_2048,3,1,0.8788226776652865
day_2048,3,1,0.5205067065027025
day_2048,3,1,0.8998683757252164
day_2048,3,1,0.5205067065027025
day_2048,3,1,0.3648057050175137
day_2048,3,1,0.9604114956325955
day_2048,3,1,0.9604114956325955
day_2048,3,1,0.9604114956325955
day_2048,3,1,0.9604114956325955
day_2048,3,1,0.9604114956325955
day_2048,3,1,0.9604114956325955
day_2048,3,1,0.9604114956325955
day_2048,3,1,0.9604114956325955
day_2048,3,1,0.9604114956325955
day_2048,3,1,0.9604114956325955
day_2048,3,1,0.9604114956325955
day_2048,3,1,0.9604114956325955
day_2048,3,1,0.9604114956325955
day_2048,3,1,0.9604114956325955
day_2048,3,1,0.9604114956325955
day_2048,3,1,0.9604114956325955
day_2048,3,1,0.9604114956325955
day_2048,3,1,0.9604114956325955
day_2048,3,1,0.9604114956325955
day_2048,3,1,0.9604114956325955
day_2048,3,1,0.9604114956325955
day_2048,3,1,0.9604114956325955
day_2048,3,1,0.9604114956325955
day_2048,3,1,0.9604114956325955
day_2048,3,1,0.9604114956325955
day_2048,3,1,0.9604114956325955
day_2048,3,1,0.9604114956325955
day_2048,3,1,0.9604114956325955
day_2048,3,1,0.9604114956325955
day_2048,3,1,0.9604114956325955
day_2048,3,1,0.9604114956325955
day_2048,3,1,0.9604114956325955
day_2048,3,1,0.9604114956325955
day_2048,3,1,0.9604114956325955
day_2048,3,1,0.9604114956325955
day_2048,3,1,0.9604114956325955
day_2048,3,1,0.9604114956325955
day_2048,3,1,0.8198077148861356
day_2048,3,1,0.8198077148861356
day_2048,3,1,0.8198077148861356
day_2048,3,1,0.9156249496671889
day_2048,3,1,0.9156249496671889
day_2048,3,1,0.9156249496671889
day_2048,3,1,0.6435540152920617
day_2048,3,1,0.9156249496671889
day_2048,3,1,0.9156249496671889
day_2048,3,1,0.6435540152920617
day_2048,3,1,0.8198077148861356
day_2048,3,1,0.8198077148861356
day_2048,3,1,0.6280548241403368
day_2048,3,1,0.6435540152920617
day_2048,3,1,0.9156249496671889
day_2048,3,1,0.8198077148861356
day_2048,3,1,0.8198077148861356
day_2048,3,1,0.9156249496671889
day_2048,3,1,0.9156249496671889
day_2048,3,1,0.9156249496671889
day_2048,3,1,0.8198077148861356
day_2048,3,1,0.9156249496671889
day_2048,3,1,0.9156249496671889
day_2048,3,1,0.9156249496671889
day_2048,3,1,0.6435540152920617
day_2048,3,1,0.6280548241403368
day_2048,3,1,0.9156249496671889
day_2048,3,1,0.6435540152920617
day_2048,3,1,0.8198077148861356
day_2048,3,1,0.8198077148861356
day_2048,3,1,0.8198077148861356
day_2048,3,1,0.6435540152920617
day_2048,3,1,0.8198077148861356
day_2048,3,1,0.6280548241403368
day_2048,3,1,0.8198077148861356
day_2048,3,1,0.8198077148861356
day_2048,3,1,0.9156249496671889
day_2048,3,1,0.4806269109249115
day_2048,3,1,0.4806269109249115
day_2048,3,1,0.5156649218665229
day_2048,3,1,0.9166106714142693
day_2048,3,1,0.5313601129584842
day_2048,3,1,0.9818713863690695
day_2048,3,1,0.5313601129584842
day_2048,3,1,0.5313601129584842
day_2048,3,1,0.5156649218665229
day_2048,3,1,0.9166106714142693
day_2048,3,1,0.9818713863690695
day_2048,3,1,0.5156649218665229
day_2048,3,1,0.4806269109249115
day_2048,3,1,0.5156649218665229
day_2048,3,1,0.5156649218665229
day_2048,3,1,0.9818713863690695
day_2048,3,1,0.5313601129584842
day_2048,3,1,0.9818713863690695
day_2048,3,1,0.9166106714142693
day_2048,3,1,0.4806269109249115
day_2048,3,1,0.5156649218665229
day_2048,3,1,0.5156649218665229
day_2048,3,1,0.9818713863690695
day_2048,3,1,0.4806269109249115
day_2048,3,1,0.9818713863690695
day_2048,3,1,0.4806269109249115
day_2048,3,1,0.5313601129584842
day_2048,3,1,0.9818713863690695
day_2048,3,1,0.9818713863690695
day_2048,3,1,0.5156649218665229
day_2048,3,1,0.4806269109249115
day_2048,3,1,0.9818713863690695
day_2048,3,1,0.9166106714142693
day_2048,3,1,0.4806269109249115
day_2048,3,1,0.9166106714142693
day_2048,3,1,0.4806269109249115
day_2048,3,1,0.9818713863690695
day_2048,3,1,0.46741851833131576
day_2048,3,1,0.46741851833131576
day_2048,3,1,0.9720731443829007
day_2048,3,1,0.6524086958832211
day_2048,3,1,0.9340254995557997
day_2048,3,1,0.6524086958832211
day_2048,3,1,0.9340254995557997
day_2048,3,1,0.46741851833131576
day_2048,3,1,0.6524086958832211
day_2048,3,1,0.9340254995557997
day_2048,3,1,0.46741851833131576
day_2048,3,1,0.6524086958832211
day_2048,3,1,0.9720731443829007
day_2048,3,1,0.9728344082832336
day_2048,3,1,0.46741851833131576
day_2048,3,1,0.46741851833131576
day_2048,3,1,0.6524086958832211
day_2048,3,1,0.9728344082832336
day_2048,3,1,0.46741851833131576
day_2048,3,1,0.15206614881753922
day_2048,3,1,0.32652465336852604
day_2048,3,1,0.15206614881753922
day_2048,3,1,0.32652465336852604
day_2048,3,1,0.9728344082832336
day_2048,3,1,0.9720731443829007
day_2048,3,1,0.9728344082832336
day_2048,3,1,0.9728344082832336
day_2048,3,1,0.6524086958832211
day_2048,3,1,0.9720731443829007
day_2048,3,1,0.6524086958832211
day_2048,3,1,0.9340254995557997
day_2048,3,1,0.9340254995557997
day_2048,3,1,0.15206614881753922
day_2048,3,1,0.9720731443829007
day_2048,3,1,0.6524086958832211
day_2048,3,1,0.9340254995557997
day_2048,3,1,0.9340254995557997
day_2048,3,1,0.5961200859811571
day_2048,3,1,0.8458893431557549
day_2048,3,1,0.8458893431557549
day_2048,3,1,0.3767622709274292
day_2048,3,1,0.20641477737161848
day_2048,3,1,0.6942805051803589
day_2048,3,1,0.47419746385680306
day_2048,3,1,0.47419746385680306
day_2048,3,1,0.47419746385680306
day_2048,3,1,0.3267398840851254
day_2048,3,1,0.30490632189644706
day_2048,3,1,0.3444608946641286
day_2048,3,1,0.3267398840851254
day_2048,3,1,0.2851863288217121
day_2048,3,1,0.3767622709274292
day_2048,3,1,0.26639118128352696
day_2048,3,1,0.8458893431557549
day_2048,3,1,0.24010217686494192
day_2048,3,1,0.43665581610467696
day_2048,3,1,0.5986971788936191
day_2048,3,1,0.4482649068037669
day_2048,3,1,0.2851863288217121
day_2048,3,1,0.31529224415620166
day_2048,3,1,0.8458893431557549
day_2048,3,1,0.43665581610467696
day_2048,3,1,0.43665581610467696
day_2048,3,1,0.5406722062163882
day_2048,3,1,0.30490632189644706
day_2048,3,1,0.47419746385680306
day_2048,3,1,0.20641477737161848
day_2048,3,1,0.3767622709274292
day_2048,3,1,0.20641477737161848
day_2048,3,1,0.26639118128352696
day_2048,3,1,0.24010217686494192
day_2048,3,1,0.8458893431557549
day_2048,3,1,0.5843934781021543
day_2048,3,1,0.4482649068037669
day_2048,3,1,0.3659755008088218
day_2048,3,1,0.908391276995341
day_2048,3,1,0.33890798025661045
day_2048,3,1,0.6554901798566183
day_2048,3,1,0.6402696635988023
day_2048,3,1,0.3659755008088218
day_2048,3,1,0.908391276995341
day_2048,3,1,0.33890798025661045
day_2048,3,1,0.3659755008088218
day_2048,3,1,0.33890798025661045
day_2048,3,1,0.9182916879653931
day_2048,3,1,0.7693534427218967
day_2048,3,1,0.3659755008088218
day_2048,3,1,0.6402696635988023
day_2048,3,1,0.6554901798566183
day_2048,3,1,0.7693534427218967
day_2048,3,1,0.3691346016195085
day_2048,3,1,0.8858324421776665
day_2048,3,1,0.33890798025661045
day_2048,3,1,0.3659755008088218
day_2048,3,1,0.908391276995341
day_2048,3,1,0.7693534427218967
day_2048,3,1,0.5615665283468034
day_2048,3,1,0.5615665283468034
day_2048,3,1,0.9182916879653931
day_2048,3,1,0.908391276995341
day_2048,3,1,0.6554901798566183
day_2048,3,1,0.5615665283468034
day_2048,3,1,0.33890798025661045
day_2048,3,1,0.908391276995341
day_2048,3,1,0.9182916879653931
day_2048,3,1,0.7693534427218967
day_2048,3,1,0.6402696635988023
day_2048,3,1,0.3659755008088218
day_2048,3,1,0.3691346016195085
day_2048,3,1,0.3659755008088218
day_2048,3,1,0.6402696635988023
day_2048,3,1,0.9562482105361091
day_2048,3,1,0.9562482105361091
day_2048,3,1,0.9562482105361091
day_2048,3,1,0.9562482105361091
day_2048,3,1,0.9562482105361091
day_2048,3,1,0.9562482105361091
day_2048,3,1,0.9562482105361091
day_2048,3,1,0.9562482105361091
day_2048,3,1,0.9562482105361091
day_2048,3,1,0.9562482105361091
day_2048,3,1,0.9562482105361091
day_2048,3,1,0.9562482105361091
day_2048,3,1,0.9562482105361091
day_2048,3,1,0.9562482105361091
day_2048,3,1,0.9562482105361091
day_2048,3,1,0.9562482105361091
day_2048,3,1,0.9562482105361091
day_2048,3,1,0.9562482105361091
day_2048,3,1,0.9562482105361091
day_2048,3,1,0.9562482105361091
day_2048,3,1,0.9562482105361091
day_2048,3,1,0.9562482105361091
day_2048,3,1,0.9562482105361091
day_2048,3,1,0.9562482105361091
day_2048,3,1,0.9562482105361091
day_2048,3,1,0.9562482105361091
day_2048,3,1,0.9562482105361091
day_2048,3,1,0.9562482105361091
day_2048,3,1,0.9562482105361091
day_2048,3,1,0.9562482105361091
day_2048,3,1,0.9562482105361091
day_2048,3,1,0.9562482105361091
day_2048,3,1,0.9562482105361091
day_2048,3,1,0.9562482105361091
day_2048,3,1,0.9562482105361091
day_2048,3,1,0.9562482105361091
day_2048,3,1,0.9562482105361091
day_2048,3,1,0.8005479309293959
day_2048,3,1,0.4842795845535066
day_2048,3,1,0.8005479309293959
day_2048,3,1,0.4842795845535066
day_2048,3,1,0.4842795845535066
day_2048,3,1,0.8005479309293959
day_2048,3,1,0.4842795845535066
day_2048,3,1,0.9111655023362901
day_2048,3,1,0.8005479309293959
day_2048,3,1,0.8005479309293959
day_2048,3,1,0.4842795845535066
day_2048,3,1,0.4842795845535066
day_2048,3,1,0.8005479309293959
day_2048,3,1,0.9111655023362901
day_2048,3,1,0.4842795845535066
day_2048,3,1,0.8005479309293959
day_2048,3,1,0.8005479309293959
day_2048,3,1,0.4842795845535066
day_2048,3,1,0.8005479309293959
day_2048,3,1,0.4842795845535066
day_2048,3,1,0.4842795845535066
day_2048,3,1,0.8005479309293959
day_2048,3,1,0.9111655023362901
day_2048,3,1,0.9111655023362901
day_2048,3,1,0.8005479309293959
day_2048,3,1,0.8005479309293959
day_2048,3,1,0.4842795845535066
day_2048,3,1,0.4842795845535066
day_2048,3,1,0.9111655023362901
day_2048,3,1,0.9111655023362901
day_2048,3,1,0.4842795845535066
day_2048,3,1,0.4842795845535066
day_2048,3,1,0.4842795845535066
day_2048,3,1,0.8005479309293959
day_2048,3,1,0.9111655023362901
day_2048,3,1,0.9111655023362901
day_2048,3,1,0.8005479309293959
day_2048,3,1,0.9114260607295566
day_2048,3,1,0.42623676194085014
day_2048,3,1,0.9114260607295566
day_2048,3,1,0.7216218445036147
day_2048,3,1,0.7216218445036147
day_2048,3,1,0.9114260607295566
day_2048,3,1,0.7216218445036147
day_2048,3,1,0.42623676194085014
day_2048,3,1,0.42623676194085014
day_2048,3,1,0.42623676194085014
day_2048,3,1,0.9114260607295566
day_2048,3,1,0.9114260607295566
day_2048,3,1,0.9114260607295566
day_2048,3,1,0.9114260607295566
day_2048,3,1,0.9114260607295566
day_2048,3,1,0.9114260607295566
day_2048,3,1,0.9114260607295566
day_2048,3,1,0.7216218445036147
day_2048,3,1,0.9114260607295566
day_2048,3,1,0.9114260607295566
day_2048,3,1,0.42623676194085014
day_2048,3,1,0.42623676194085014
day_2048,3,1,0.42623676194085014
day_2048,3,1,0.9114260607295566
day_2048,3,1,0.42623676194085014
day_2048,3,1,0.42623676194085014
day_2048,3,1,0.9114260607295566
day_2048,3,1,0.9114260607295566
day_2048,3,1,0.42623676194085014
day_2048,3,1,0.9114260607295566
day_2048,3,1,0.7216218445036147
day_2048,3,1,0.7216218445036147
day_2048,3,1,0.7216218445036147
day_2048,3,1,0.42623676194085014
day_2048,3,1,0.7216218445036147
day_2048,3,1,0.9114260607295566
day_2048,3,1,0.7216218445036147
day_2048,3,1,0.8289871414502462
day_2048,3,1,0.8195498585700989
day_2048,3,1,0.938340511586931
day_2048,3,1,0.7998969223764207
day_2048,3,1,0.7059348093138801
day_2048,3,1,0.8289871414502462
day_2048,3,1,0.7028370863861508
day_2048,3,1,0.7998969223764207
day_2048,3,1,0.7059348093138801
day_2048,3,1,0.527648506893052
day_2048,3,1,0.4655782911512587
day_2048,3,1,0.594918860329522
day_2048,3,1,0.8526271714104546
day_2048,3,1,0.527648506893052
day_2048,3,1,0.8827612929873996
day_2048,3,1,0.7059348093138801
day_2048,3,1,0.7998969223764207
day_2048,3,1,0.594918860329522
day_2048,3,1,0.2334713621271981
day_2048,3,1,0.7998969223764207
day_2048,3,1,0.7998969223764207
day_2048,3,1,0.8178102109167311
day_2048,3,1,0.8526271714104546
day_2048,3,1,0.527648506893052
day_2048,3,1,0.8526271714104546
day_2048,3,1,0.527648506893052
day_2048,3,1,0.527648506893052
day_2048,3,1,0.7998969223764207
day_2048,3,1,0.938340511586931
day_2048,3,1,0.7998969223764207
day_2048,3,1,0.8178102109167311
day_2048,3,1,0.8526271714104546
day_2048,3,1,0.7028370863861508
day_2048,3,1,0.4655782911512587
day_2048,3,1,0.527648506893052
day_2048,3,1,0.8289871414502462
day_2048,3,1,0.8827612929873996
day_2048,3,1,0.8978445794847276
day_2048,3,1,0.3908598654799991
day_2048,3,1,0.8978445794847276
day_2048,3,1,0.9334063000149198
day_2048,3,1,0.8978445794847276
day_2048,3,1,0.9334063000149198
day_2048,3,1,0.8978445794847276
day_2048,3,1,0.43521807259983486
day_2048,3,1,0.8978445794847276
day_2048,3,1,0.8978445794847276
day_2048,3,1,0.11221102045642005
day_2048,3,1,0.11221102045642005
day_2048,3,1,0.9334063000149198
day_2048,3,1,0.8978445794847276
day_2048,3,1,0.11221102045642005
day_2048,3,1,0.3908598654799991
day_2048,3,1,0.3908598654799991
day_2048,3,1,0.5596759352419112
day_2048,3,1,0.3908598654799991
day_2048,3,1,0.5596759352419112
day_2048,3,1,0.3908598654799991
day_2048,3,1,0.43521807259983486
day_2048,3,1,0.43521807259983486
day_2048,3,1,0.43521807259983486
day_2048,3,1,0.9334063000149198
day_2048,3,1,0.43521807259983486
day_2048,3,1,0.8978445794847276
day_2048,3,1,0.43521807259983486
day_2048,3,1,0.5596759352419112
day_2048,3,1,0.11221102045642005
day_2048,3,1,0.5596759352419112
day_2048,3,1,0.11221102045642005
day_2048,3,1,0.9334063000149198
day_2048,3,1,0.9334063000149198
day_2048,3,1,0.43521807259983486
day_2048,3,1,0.43521807259983486
day_2048,3,1,0.9334063000149198
day_2048,3,1,0.5085318618350558
day_2048,3,1,0.5443920161989
day_2048,3,1,0.5443920161989
day_2048,3,1,0.7569569018152025
day_2048,3,1,0.5085318618350558
day_2048,3,1,0.7569569018152025
day_2048,3,1,0.7569569018152025
day_2048,3,1,0.5443920161989
day_2048,3,1,0.7569569018152025
day_2048,3,1,0.7569569018152025
day_2048,3,1,0.5085318618350558
day_2048,3,1,0.5443920161989
day_2048,3,1,0.7569569018152025
day_2048,3,1,0.5443920161989
day_2048,3,1,0.7569569018152025
day_2048,3,1,0.5443920161989
day_2048,3,1,0.5085318618350558
day_2048,3,1,0.5085318618350558
day_2048,3,1,0.7569569018152025
day_2048,3,1,0.7569569018152025
day_2048,3,1,0.5443920161989
day_2048,3,1,0.5443920161989
day_2048,3,1,0.7569569018152025
day_2048,3,1,0.5085318618350558
day_2048,3,1,0.5443920161989
day_2048,3,1,0.5443920161989
day_2048,3,1,0.7569569018152025
day_2048,3,1,0.7569569018152025
day_2048,3,1,0.7569569018152025
day_2048,3,1,0.7569569018152025
day_2048,3,1,0.7569569018152025
day_2048,3,1,0.5443920161989
day_2048,3,1,0.7569569018152025
day_2048,3,1,0.5443920161989
day_2048,3,1,0.7569569018152025
day_2048,3,1,0.5443920161989
day_2048,3,1,0.7569569018152025
day_2048,3,1,0.7733780874146355
day_2048,3,1,0.8542236222161187
day_2048,3,1,0.3541735178894467
day_2048,3,1,0.7733780874146355
day_2048,3,1,0.7733780874146355
day_2048,3,1,0.46069571044709945
day_2048,3,1,0.8542236222161187
day_2048,3,1,0.6134653290112814
day_2048,3,1,0.5640486511919234
day_2048,3,1,0.8542236222161187
day_2048,3,1,0.7733780874146355
day_2048,3,1,0.6389520598782433
day_2048,3,1,0.5640486511919234
day_2048,3,1,0.6389520598782433
day_2048,3,1,0.3432215005159378
day_2048,3,1,0.5640486511919234
day_2048,3,1,0.3541735178894467
day_2048,3,1,0.6389520598782433
day_2048,3,1,0.6389520598782433
day_2048,3,1,0.3541735178894467
day_2048,3,1,0.46069571044709945
day_2048,3,1,0.792268693447113
day_2048,3,1,0.3478221628401015
day_2048,3,1,0.3541735178894467
day_2048,3,1,0.3432215005159378
day_2048,3,1,0.3541735178894467
day_2048,3,1,0.3541735178894467
day_2048,3,1,0.6389520598782433
day_2048,3,1,0.803213636080424
day_2048,3,1,0.7305527594354417
day_2048,3,1,0.803213636080424
day_2048,3,1,0.5640486511919234
day_2048,3,1,0.3541735178894467
day_2048,3,1,0.3478221628401015
day_2048,3,1,0.7733780874146355
day_2048,3,1,0.6389520598782433
day_2048,3,1,0.7733780874146355
day_2048,3,1,0.7286095089382596
day_2048,3,1,0.7286095089382596
day_2048,3,1,0.8857138686709933
day_2048,3,1,0.7286095089382596
day_2048,3,1,0.7286095089382596
day_2048,3,1,0.9278210004170736
day_2048,3,1,0.9278210004170736
day_2048,3,1,0.6780247655179765
day_2048,3,1,0.9394805100229051
day_2048,3,1,0.6780247655179765
day_2048,3,1,0.8857138686709933
day_2048,3,1,0.6780247655179765
day_2048,3,1,0.7286095089382596
day_2048,3,1,0.9394805100229051
day_2048,3,1,0.6780247655179765
day_2048,3,1,0.9394805100229051
day_2048,3,1,0.9278210004170736
day_2048,3,1,0.6260053912798563
day_2048,3,1,0.8857138686709933
day_2048,3,1,0.9278210004170736
day_2048,3,1,0.9394805100229051
day_2048,3,1,0.8857138686709933
day_2048,3,1,0.7286095089382596
day_2048,3,1,0.7286095089382596
day_2048,3,1,0.8857138686709933
day_2048,3,1,0.6260053912798563
day_2048,3,1,0.8857138686709933
day_2048,3,1,0.6260053912798563
day_2048,3,1,0.8857138686709933
day_2048,3,1,0.7286095089382596
day_2048,3,1,0.6260053912798563
day_2048,3,1,0.9278210004170736
day_2048,3,1,0.9278210004170736
day_2048,3,1,0.6780247655179765
day_2048,3,1,0.6780247655179765
day_2048,3,1,0.7286095089382596
day_2048,3,1,0.6780247655179765
day_2048,3,1,0.5204583903153738
day_2048,3,1,0.5204583903153738
day_2048,3,1,0.305236342880461
day_2048,3,1,0.33783116522762513
day_2048,3,1,0.12537207951148352
day_2048,3,1,0.13725101119942135
day_2048,3,1,0.33293698396947646
day_2048,3,1,0.28178709579838646
day_2048,3,1,0.3232807566722234
day_2048,3,1,0.4259966131713655
day_2048,3,1,0.31996940407488084
day_2048,3,1,0.3944584197468228
day_2048,3,1,0.12537207951148352
day_2048,3,1,0.305236342880461
day_2048,3,1,0.3862263725863563
day_2048,3,1,0.5028096801704831
day_2048,3,1,0.4259966131713655
day_2048,3,1,0.5028096801704831
day_2048,3,1,0.6510656343566047
day_2048,3,1,0.5597198969788022
day_2048,3,1,0.37651191817389595
day_2048,3,1,0.373363905482822
day_2048,3,1,0.305236342880461
day_2048,3,1,0.12537207951148352
day_2048,3,1,0.305236342880461
day_2048,3,1,0.13725101119942135
day_2048,3,1,0.3862263725863563
day_2048,3,1,0.5204583903153738
day_2048,3,1,0.43425916963153416
day_2048,3,1,0.4420158565044403
day_2048,3,1,0.37651191817389595
day_2048,3,1,0.373363905482822
day_2048,3,1,0.5597198969788022
day_2048,3,1,0.28178709579838646
day_2048,3,1,0.373363905482822
day_2048,3,1,0.37651191817389595
day_2048,3,1,0.37651191817389595
day_2048,3,1,0.38763625423113507
day_2048,3,1,0.6276131802135043
day_2048,3,1,0.13663138366407818
day_2048,3,1,0.16746492187182108
day_2048,3,1,0.38763625423113507
day_2048,3,1,0.476899868912167
day_2048,3,1,0.4713337752554152
day_2048,3,1,0.5787731673982408
day_2048,3,1,0.4713337752554152
day_2048,3,1,0.5787731673982408
day_2048,3,1,0.476899868912167
day_2048,3,1,0.7881561782624986
day_2048,3,1,0.6074200537469652
day_2048,3,1,0.28570760952101815
day_2048,3,1,0.5787731673982408
day_2048,3,1,0.5940755804379781
day_2048,3,1,0.8293594386842515
day_2048,3,1,0.4713337752554152
day_2048,3,1,0.6276131802135043
day_2048,3,1,0.39255061083369786
day_2048,3,1,0.7151139858696196
day_2048,3,1,0.7440256012810601
day_2048,3,1,0.783509784274631
day_2048,3,1,0.7881561782624986
day_2048,3,1,0.21228304008642832
day_2048,3,1,0.6614963942103915
day_2048,3,1,0.13663138366407818
day_2048,3,1,0.16746492187182108
day_2048,3,1,0.6614963942103915
day_2048,3,1,0.23984990186161464
day_2048,3,1,0.783509784274631
day_2048,3,1,0.21228304008642832
day_2048,3,1,0.6276131802135043
day_2048,3,1,0.7440256012810601
day_2048,3,1,0.21228304008642832
day_2048,3,1,0.3762901723384857
day_2048,3,1,0.476899868912167
day_2048,3,1,0.8627024491628011
day_2048,3,1,0.724965794218911
day_2048,3,1,0.8627024491628011
day_2048,3,1,0.8852681054009331
day_2048,3,1,0.8852681054009331
day_2048,3,1,0.724965794218911
day_2048,3,1,0.8852681054009331
day_2048,3,1,0.8627024491628011
day_2048,3,1,0.724965794218911
day_2048,3,1,0.8627024491628011
day_2048,3,1,0.724965794218911
day_2048,3,1,0.8627024491628011
day_2048,3,1,0.724965794218911
day_2048,3,1,0.8627024491628011
day_2048,3,1,0.724965794218911
day_2048,3,1,0.724965794218911
day_2048,3,1,0.8627024491628011
day_2048,3,1,0.724965794218911
day_2048,3,1,0.8852681054009331
day_2048,3,1,0.8627024491628011
day_2048,3,1,0.8852681054009331
day_2048,3,1,0.724965794218911
day_2048,3,1,0.724965794218911
day_2048,3,1,0.724965794218911
day_2048,3,1,0.8852681054009331
day_2048,3,1,0.8627024491628011
day_2048,3,1,0.8627024491628011
day_2048,3,1,0.8627024491628011
day_2048,3,1,0.8852681054009331
day_2048,3,1,0.8627024491628011
day_2048,3,1,0.8627024491628011
day_2048,3,1,0.8852681054009331
day_2048,3,1,0.8627024491628011
day_2048,3,1,0.8627024491628011
day_2048,3,1,0.724965794218911
day_2048,3,1,0.724965794218911
day_2048,3,1,0.724965794218911
day_2048,3,1,0.9013871285650465
day_2048,3,1,0.6623486073480712
day_2048,3,1,0.10916820251279408
day_2048,3,1,0.6326007975472344
day_2048,3,1,0.8722711205482483
day_2048,3,1,0.7574227650960287
day_2048,3,1,0.39225098490715027
day_2048,3,1,0.8954739305708144
day_2048,3,1,0.8954739305708144
day_2048,3,1,0.8188868231243558
day_2048,3,1,0.20652764704492357
day_2048,3,1,0.20652764704492357
day_2048,3,1,0.4308883017963833
day_2048,3,1,0.8188868231243558
day_2048,3,1,0.7296352452701993
day_2048,3,1,0.6684789061546326
day_2048,3,1,0.6373216509819031
day_2048,3,1,0.6623486073480712
day_2048,3,1,0.8663486440976461
day_2048,3,1,0.8954739305708144
day_2048,3,1,0.4533948302268982
day_2048,3,1,0.7296352452701993
day_2048,3,1,0.5006990830103556
day_2048,3,1,0.6326007975472344
day_2048,3,1,0.6684789061546326
day_2048,3,1,0.20652764704492357
day_2048,3,1,0.46359411544269985
day_2048,3,1,0.5881262587176429
day_2048,3,1,0.10916820251279408
day_2048,3,1,0.6373216509819031
day_2048,3,1,0.34407776759730446
day_2048,3,1,0.6353058649433984
day_2048,3,1,0.43598785830868614
day_2048,3,1,0.4308883017963833
day_2048,3,1,0.5807152688503265
day_2048,3,1,0.6373216509819031
day_2048,3,1,0.20652764704492357
day_2048,3,1,0.5732832120524513
day_2048,3,1,0.5244792169994779
day_2048,3,1,0.6505895521905687
day_2048,3,1,0.7273355788654752
day_2048,3,1,0.5244792169994779
day_2048,3,1,0.6664980616834428
day_2048,3,1,0.6505895521905687
day_2048,3,1,0.7273355788654752
day_2048,3,1,0.4717102547486623
day_2048,3,1,0.5244792169994779
day_2048,3,1,0.5516546964645386
day_2048,3,1,0.2773624360561371
day_2048,3,1,0.5469181107150184
day_2048,3,1,0.3558685498105155
day_2048,3,1,0.3273379107316335
day_2048,3,1,0.2614239404598872
day_2048,3,1,0.5244792169994779
day_2048,3,1,0.24730561011367375
day_2048,3,1,0.2614239404598872
day_2048,3,1,0.5222781134976281
day_2048,3,1,0.3055117792553372
day_2048,3,1,0.2773624360561371
day_2048,3,1,0.5469181107150184
day_2048,3,1,0.6596217486593459
day_2048,3,1,0.5732832120524513
day_2048,3,1,0.2614239404598872
day_2048,3,1,0.5222781134976281
day_2048,3,1,0.5244792169994779
day_2048,3,1,0.5122465226385329
day_2048,3,1,0.6505895521905687
day_2048,3,1,0.5516546964645386
day_2048,3,1,0.5244792169994779
day_2048,3,1,0.7115319934156206
day_2048,3,1,0.24730561011367375
day_2048,3,1,0.5516546964645386
day_2048,3,1,0.5222781134976281
day_2048,3,1,0.2773624360561371
day_2048,3,1,0.5557519925965203
day_2048,3,1,0.5557519925965203
day_2048,3,1,0.5557519925965203
day_2048,3,1,0.5557519925965203
day_2048,3,1,0.18198168443308937
day_2048,3,1,0.7101076046625773
day_2048,3,1,0.5557519925965203
day_2048,3,1,0.7101076046625773
day_2048,3,1,0.7101076046625773
day_2048,3,1,0.18198168443308937
day_2048,3,1,0.7101076046625773
day_2048,3,1,0.18198168443308937
day_2048,3,1,0.7101076046625773
day_2048,3,1,0.5557519925965203
day_2048,3,1,0.7101076046625773
day_2048,3,1,0.7826786703533597
day_2048,3,1,0.7826786703533597
day_2048,3,1,0.7826786703533597
day_2048,3,1,0.7826786703533597
day_2048,3,1,0.18198168443308937
day_2048,3,1,0.18198168443308937
day_2048,3,1,0.5557519925965203
day_2048,3,1,0.7101076046625773
day_2048,3,1,0.5557519925965203
day_2048,3,1,0.7101076046625773
day_2048,3,1,0.7826786703533597
day_2048,3,1,0.18198168443308937
day_2048,3,1,0.18198168443308937
day_2048,3,1,0.5557519925965203
day_2048,3,1,0.5557519925965203
day_2048,3,1,0.7101076046625773
day_2048,3,1,0.18198168443308937
day_2048,3,1,0.7101076046625773
day_2048,3,1,0.7101076046625773
day_2048,3,1,0.7101076046625773
day_2048,3,1,0.5557519925965203
day_2048,3,1,0.7826786703533597
day_2048,3,1,0.8729560772577921
day_2048,3,1,0.7034013734923469
day_2048,3,1,0.7673714823193021
day_2048,3,1,0.9159857233365377
day_2048,3,1,0.4888424376646678
day_2048,3,1,0.4888424376646678
day_2048,3,1,0.4247098035282559
day_2048,3,1,0.5942932135528989
day_2048,3,1,0.4888424376646678
day_2048,3,1,0.46323487824863857
day_2048,3,1,0.4888424376646678
day_2048,3,1,0.46323487824863857
day_2048,3,1,0.5044545167022281
day_2048,3,1,0.6780152983135648
day_2048,3,1,0.5664412842856513
day_2048,3,1,0.8729560772577921
day_2048,3,1,0.6780152983135648
day_2048,3,1,0.5295244687133365
day_2048,3,1,0.6780152983135648
day_2048,3,1,0.6097474727365706
day_2048,3,1,0.30763957897822064
day_2048,3,1,0.6186465952131484
day_2048,3,1,0.6259296437104543
day_2048,3,1,0.6364063521226248
day_2048,3,1,0.8729560772577921
day_2048,3,1,0.4831188950273726
day_2048,3,1,0.7034013734923469
day_2048,3,1,0.5295244687133365
day_2048,3,1,0.5506373544534048
day_2048,3,1,0.6259296437104543
day_2048,3,1,0.45399077733357746
day_2048,3,1,0.5295244687133365
day_2048,3,1,0.6376740998691983
day_2048,3,1,0.542345835102929
day_2048,3,1,0.7303484347131517
day_2048,3,1,0.6259296437104543
day_2048,3,1,0.34182530144850415
day_2048,3,1,0.1531106804807981
day_2048,3,1,0.28877148528893787
day_2048,3,1,0.6168465051386092
day_2048,3,1,0.9487345748477511
day_2048,3,1,0.5585643615987566
day_2048,3,1,0.1531106804807981
day_2048,3,1,0.1384734668665462
day_2048,3,1,0.27626251180966693
day_2048,3,1,0.9487345748477511
day_2048,3,1,0.698382748497857
day_2048,3,1,0.548951632446713
day_2048,3,1,0.8927384416262308
day_2048,3,1,0.548951632446713
day_2048,3,1,0.6847594976425171
day_2048,3,1,0.8927384416262308
day_2048,3,1,0.1384734668665462
day_2048,3,1,0.5019615524344974
day_2048,3,1,0.9487345748477511
day_2048,3,1,0.6168465051386092
day_2048,3,1,0.8927384416262308
day_2048,3,1,0.27626251180966693
day_2048,3,1,0.5585643615987566
day_2048,3,1,0.1531106804807981
day_2048,3,1,0.6847594976425171
day_2048,3,1,0.5019615524344974
day_2048,3,1,0.698382748497857
day_2048,3,1,0.6168465051386092
day_2048,3,1,0.1384734668665462
day_2048,3,1,0.548951632446713
day_2048,3,1,0.28877148528893787
day_2048,3,1,0.9487345748477511
day_2048,3,1,0.28877148528893787
day_2048,3,1,0.6168465051386092
day_2048,3,1,0.6847594976425171
day_2048,3,1,0.6847594976425171
day_2048,3,1,0.6847594976425171
day_2048,3,1,0.8927384416262308
day_2048,3,1,0.5739444096883138
day_2048,3,1,0.6947922375467088
day_2048,3,1,0.5739444096883138
day_2048,3,1,0.5739444096883138
day_2048,3,1,0.6159563859303793
day_2048,3,1,0.6947922375467088
day_2048,3,1,0.6947922375467088
day_2048,3,1,0.6159563859303793
day_2048,3,1,0.6947922375467088
day_2048,3,1,0.6159563859303793
day_2048,3,1,0.5739444096883138
day_2048,3,1,0.6159563859303793
day_2048,3,1,0.6159563859303793
day_2048,3,1,0.5739444096883138
day_2048,3,1,0.6159563859303793
day_2048,3,1,0.5739444096883138
day_2048,3,1,0.5739444096883138
day_2048,3,1,0.6159563859303793
day_2048,3,1,0.6947922375467088
day_2048,3,1,0.6159563859303793
day_2048,3,1,0.5739444096883138
day_2048,3,1,0.6947922375467088
day_2048,3,1,0.6947922375467088
day_2048,3,1,0.6947922375467088
day_2048,3,1,0.6947922375467088
day_2048,3,1,0.6947922375467088
day_2048,3,1,0.5739444096883138
day_2048,3,1,0.6159563859303793
day_2048,3,1,0.6947922375467088
day_2048,3,1,0.6947922375467088
day_2048,3,1,0.6947922375467088
day_2048,3,1,0.6947922375467088
day_2048,3,1,0.6159563859303793
day_2048,3,1,0.6947922375467088
day_2048,3,1,0.5739444096883138
day_2048,3,1,0.6947922375467088
day_2048,3,1,0.6159563859303793
day_2048,3,1,0.9652073582013448
day_2048,3,1,0.9652073582013448
day_2048,3,1,0.9652073582013448
day_2048,3,1,0.9652073582013448
day_2048,3,1,0.9652073582013448
day_2048,3,1,0.9652073582013448
day_2048,3,1,0.9652073582013448
day_2048,3,1,0.9652073582013448
day_2048,3,1,0.9652073582013448
day_2048,3,1,0.9652073582013448
day_2048,3,1,0.9652073582013448
day_2048,3,1,0.9652073582013448
day_2048,3,1,0.9652073582013448
day_2048,3,1,0.9652073582013448
day_2048,3,1,0.9652073582013448
day_2048,3,1,0.9652073582013448
day_2048,3,1,0.9652073582013448
day_2048,3,1,0.9652073582013448
day_2048,3,1,0.9652073582013448
day_2048,3,1,0.9652073582013448
day_2048,3,1,0.9652073582013448
day_2048,3,1,0.9652073582013448
day_2048,3,1,0.9652073582013448
day_2048,3,1,0.9652073582013448
day_2048,3,1,0.9652073582013448
day_2048,3,1,0.9652073582013448
day_2048,3,1,0.9652073582013448
day_2048,3,1,0.9652073582013448
day_2048,3,1,0.9652073582013448
day_2048,3,1,0.9652073582013448
day_2048,3,1,0.9652073582013448
day_2048,3,1,0.9652073582013448
day_2048,3,1,0.9652073582013448
day_2048,3,1,0.9652073582013448
day_2048,3,1,0.9652073582013448
day_2048,3,1,0.9652073582013448
day_2048,3,1,0.9652073582013448
day_2048,3,1,0.6714252498414781
day_2048,3,1,0.5367339683903588
day_2048,3,1,0.510948532157474
day_2048,3,1,0.510948532157474
day_2048,3,1,0.510948532157474
day_2048,3,1,0.5246088604132334
day_2048,3,1,0.5367339683903588
day_2048,3,1,0.5246088604132334
day_2048,3,1,0.5246088604132334
day_2048,3,1,0.510948532157474
day_2048,3,1,0.5367339683903588
day_2048,3,1,0.6714252498414781
day_2048,3,1,0.510948532157474
day_2048,3,1,0.510948532157474
day_2048,3,1,0.47152334120538497
day_2048,3,1,0.6714252498414781
day_2048,3,1,0.6714252498414781
day_2048,3,1,0.47152334120538497
day_2048,3,1,0.5246088604132334
day_2048,3,1,0.6714252498414781
day_2048,3,1,0.6714252498414781
day_2048,3,1,0.5246088604132334
day_2048,3,1,0.47152334120538497
day_2048,3,1,0.6714252498414781
day_2048,3,1,0.9090719686614143
day_2048,3,1,0.510948532157474
day_2048,3,1,0.6714252498414781
day_2048,3,1,0.510948532157474
day_2048,3,1,0.9090719686614143
day_2048,3,1,0.510948532157474
day_2048,3,1,0.6714252498414781
day_2048,3,1,0.6714252498414781
day_2048,3,1,0.510948532157474
day_2048,3,1,0.5367339683903588
day_2048,3,1,0.47152334120538497
day_2048,3,1,0.5246088604132334
day_2048,3,1,0.6714252498414781
day_2048,3,1,0.5666607452763451
day_2048,3,1,0.5666607452763451
day_2048,3,1,0.3338041371769375
day_2048,3,1,0.4886920220322079
day_2048,3,1,0.8991343379020691
day_2048,3,1,0.6062491171889834
day_2048,3,1,0.21412313150035012
day_2048,3,1,0.2803438984685474
day_2048,3,1,0.4886920220322079
day_2048,3,1,0.37747054629855686
day_2048,3,1,0.46077461043993634
day_2048,3,1,0.4981909957196977
day_2048,3,1,0.46882927748892045
day_2048,3,1,0.589833034409417
day_2048,3,1,0.589833034409417
day_2048,3,1,0.4981909957196977
day_2048,3,1,0.4981909957196977
day_2048,3,1,0.6062491171889834
day_2048,3,1,0.8991343379020691
day_2048,3,1,0.29365720185968613
day_2048,3,1,0.6697212391429477
day_2048,3,1,0.6697212391429477
day_2048,3,1,0.21412313150035012
day_2048,3,1,0.214507304959827
day_2048,3,1,0.4981909957196977
day_2048,3,1,0.3338041371769375
day_2048,3,1,0.2803438984685474
day_2048,3,1,0.37747054629855686
day_2048,3,1,0.6697212391429477
day_2048,3,1,0.6393064326710172
day_2048,3,1,0.46882927748892045
day_2048,3,1,0.38574158814218307
day_2048,3,1,0.21412313150035012
day_2048,3,1,0.589833034409417
day_2048,3,1,0.6393064326710172
day_2048,3,1,0.589833034409417
day_2048,3,1,0.3338041371769375
day_2048,3,1,0.4832141598065694
day_2048,3,1,0.8549155063099332
day_2048,3,1,0.3866707334915797
day_2048,3,1,0.394693973991606
day_2048,3,1,0.3866707334915797
day_2048,3,1,0.8549155063099332
day_2048,3,1,0.33588871194256675
day_2048,3,1,0.4625144104162852
day_2048,3,1,0.8549155063099332
day_2048,3,1,0.3834571772151523
day_2048,3,1,0.3866707334915797
day_2048,3,1,0.8059585624270968
day_2048,3,1,0.8059585624270968
day_2048,3,1,0.394693973991606
day_2048,3,1,0.33588871194256675
day_2048,3,1,0.4625144104162852
day_2048,3,1,0.4832141598065694
day_2048,3,1,0.4625144104162852
day_2048,3,1,0.3834571772151523
day_2048,3,1,0.394693973991606
day_2048,3,1,0.8059585624270968
day_2048,3,1,0.8059585624270968
day_2048,3,1,0.33588871194256675
day_2048,3,1,0.4832141598065694
day_2048,3,1,0.8549155063099332
day_2048,3,1,0.4832141598065694
day_2048,3,1,0.8549155063099332
day_2048,3,1,0.33588871194256675
day_2048,3,1,0.4832141598065694
day_2048,3,1,0.8549155063099332
day_2048,3,1,0.8549155063099332
day_2048,3,1,0.4652238190174103
day_2048,3,1,0.394693973991606
day_2048,3,1,0.4652238190174103
day_2048,3,1,0.4832141598065694
day_2048,3,1,0.33588871194256675
day_2048,3,1,0.4652238190174103
day_2048,3,1,0.3857688274648454
day_2048,3,1,0.8373079432381524
day_2048,3,1,0.49139370189772713
day_2048,3,1,0.686900364028083
day_2048,3,1,0.4769025842348735
day_2048,3,1,0.3857688274648454
day_2048,3,1,0.8106992244720459
day_2048,3,1,0.5616936418745253
day_2048,3,1,0.2158391061756346
day_2048,3,1,0.7953197691175673
day_2048,3,1,0.7306789954503378
day_2048,3,1,0.7953197691175673
day_2048,3,1,0.49139370189772713
day_2048,3,1,0.8403042091263665
day_2048,3,1,0.5113412241141001
day_2048,3,1,0.6149239407645332
day_2048,3,1,0.4769025842348735
day_2048,3,1,0.3857688274648454
day_2048,3,1,0.7306789954503378
day_2048,3,1,0.7865459455384148
day_2048,3,1,0.4801726308133867
day_2048,3,1,0.13822988917430243
day_2048,3,1,0.24304530355665419
day_2048,3,1,0.6149239407645332
day_2048,3,1,0.8403042091263665
day_2048,3,1,0.4801726308133867
day_2048,3,1,0.3857688274648454
day_2048,3,1,0.2158391061756346
day_2048,3,1,0.3857688274648454
day_2048,3,1,0.7306789954503378
day_2048,3,1,0.5113412241141001
day_2048,3,1,0.8106992244720459
day_2048,3,1,0.24304530355665419
day_2048,3,1,0.7865459455384148
day_2048,3,1,0.4801726308133867
day_2048,3,1,0.3857688274648454
day_2048,3,1,0.7953197691175673
day_2048,3,1,0.9773540695508321
day_2048,3,1,0.9773540695508321
day_2048,3,1,0.9773540695508321
day_2048,3,1,0.9773540695508321
day_2048,3,1,0.9773540695508321
day_2048,3,1,0.9773540695508321
day_2048,3,1,0.9773540695508321
day_2048,3,1,0.9773540695508321
day_2048,3,1,0.9773540695508321
day_2048,3,1,0.9773540695508321
day_2048,3,1,0.9773540695508321
day_2048,3,1,0.9773540695508321
day_2048,3,1,0.9773540695508321
day_2048,3,1,0.9773540695508321
day_2048,3,1,0.9773540695508321
day_2048,3,1,0.9773540695508321
day_2048,3,1,0.9773540695508321
day_2048,3,1,0.9773540695508321
day_2048,3,1,0.9773540695508321
day_2048,3,1,0.9773540695508321
day_2048,3,1,0.9773540695508321
day_2048,3,1,0.9773540695508321
day_2048,3,1,0.9773540695508321
day_2048,3,1,0.9773540695508321
day_2048,3,1,0.9773540695508321
day_2048,3,1,0.9773540695508321
day_2048,3,1,0.9773540695508321
day_2048,3,1,0.9773540695508321
day_2048,3,1,0.9773540695508321
day_2048,3,1,0.9773540695508321
day_2048,3,1,0.9773540695508321
day_2048,3,1,0.9773540695508321
day_2048,3,1,0.9773540695508321
day_2048,3,1,0.9773540695508321
day_2048,3,1,0.9773540695508321
day_2048,3,1,0.9773540695508321
day_2048,3,1,0.9773540695508321
day_2048,3,1,0.5468231969409518
day_2048,3,1,0.6353754301865896
day_2048,3,1,0.6353754301865896
day_2048,3,1,0.3655450509654151
day_2048,3,1,0.3655450509654151
day_2048,3,1,0.24513576593663958
day_2048,3,1,0.6353754301865896
day_2048,3,1,0.8858302699195014
day_2048,3,1,0.24513576593663958
day_2048,3,1,0.24513576593663958
day_2048,3,1,0.5468231969409518
day_2048,3,1,0.6353754301865896
day_2048,3,1,0.8858302699195014
day_2048,3,1,0.3655450509654151
day_2048,3,1,0.5468231969409518
day_2048,3,1,0.5468231969409518
day_2048,3,1,0.6353754301865896
day_2048,3,1,0.6353754301865896
day_2048,3,1,0.24513576593663958
day_2048,3,1,0.5468231969409518
day_2048,3,1,0.6353754301865896
day_2048,3,1,0.3655450509654151
day_2048,3,1,0.5468231969409518
day_2048,3,1,0.8858302699195014
day_2048,3,1,0.5468231969409518
day_2048,3,1,0.3655450509654151
day_2048,3,1,0.24513576593663958
day_2048,3,1,0.5468231969409518
day_2048,3,1,0.3655450509654151
day_2048,3,1,0.8858302699195014
day_2048,3,1,0.5468231969409518
day_2048,3,1,0.8858302699195014
day_2048,3,1,0.5468231969409518
day_2048,3,1,0.3655450509654151
day_2048,3,1,0.6353754301865896
day_2048,3,1,0.6353754301865896
day_2048,3,1,0.8858302699195014
day_2048,3,1,0.35565752784411114
day_2048,3,1,0.4152413805325826
day_2048,3,1,0.3433978392018212
day_2048,3,1,0.5701008472177718
day_2048,3,1,0.24273152152697244
day_2048,3,1,0.448766075902515
day_2048,3,1,0.4152413805325826
day_2048,3,1,0.4955097370677524
day_2048,3,1,0.6497631801499261
day_2048,3,1,0.24273152152697244
day_2048,3,1,0.21540317022138172
day_2048,3,1,0.448766075902515
day_2048,3,1,0.617379496494929
day_2048,3,1,0.5618466039498647
day_2048,3,1,0.5701008472177718
day_2048,3,1,0.3785156127479341
day_2048,3,1,0.635256697734197
day_2048,3,1,0.19714399344391292
day_2048,3,1,0.36696798437171513
day_2048,3,1,0.4955097370677524
day_2048,3,1,0.2904709147082435
day_2048,3,1,0.7001958158281114
day_2048,3,1,0.36696798437171513
day_2048,3,1,0.2904709147082435
day_2048,3,1,0.5713931487666236
day_2048,3,1,0.35565752784411114
day_2048,3,1,0.7001958158281114
day_2048,3,1,0.5713931487666236
day_2048,3,1,0.21540317022138172
day_2048,3,1,0.21540317022138172
day_2048,3,1,0.21540317022138172
day_2048,3,1,0.617379496494929
day_2048,3,1,0.5713931487666236
day_2048,3,1,0.448766075902515
day_2048,3,1,0.24273152152697244
day_2048,3,1,0.617379496494929
day_2048,3,1,0.3433978392018212
day_2048,3,1,0.5467794405089484
day_2048,3,1,0.724235110812717
day_2048,3,1,0.6734934118058946
day_2048,3,1,0.2796937922636668
day_2048,3,1,0.3244507842593723
day_2048,3,1,0.3822411530547672
day_2048,3,1,0.1604748335149553
day_2048,3,1,0.1604748335149553
day_2048,3,1,0.47732727395163643
day_2048,3,1,0.5629319945971171
day_2048,3,1,0.3864269687069787
day_2048,3,1,0.36806171966923606
day_2048,3,1,0.6644316911697388
day_2048,3,1,0.3822411530547672
day_2048,3,1,0.5523790650897555
day_2048,3,1,0.3737933784723282
day_2048,3,1,0.7189699543846978
day_2048,3,1,0.6797932883103689
day_2048,3,1,0.6889704697661929
day_2048,3,1,0.5523790650897555
day_2048,3,1,0.6081063085132175
day_2048,3,1,0.3864269687069787
day_2048,3,1,0.47732727395163643
day_2048,3,1,0.1604748335149553
day_2048,3,1,0.5629319945971171
day_2048,3,1,0.4551294777128432
day_2048,3,1,0.4384371605184343
day_2048,3,1,0.2796937922636668
day_2048,3,1,0.4551294777128432
day_2048,3,1,0.3864269687069787
day_2048,3,1,0.6952184703614976
day_2048,3,1,0.1604748335149553
day_2048,3,1,0.36806171966923606
day_2048,3,1,0.5467794405089484
day_2048,3,1,0.7774840129746331
day_2048,3,1,0.6954528954293993
day_2048,3,1,0.6081063085132175
day_2048,3,1,0.6385192275047302
day_2048,3,1,0.653112381696701
day_2048,3,1,0.411009324921502
day_2048,3,1,0.4247405446237988
day_2048,3,1,0.2504498561223348
day_2048,3,1,0.5572162601682875
day_2048,3,1,0.2504498561223348
day_2048,3,1,0.7102144592338138
day_2048,3,1,0.4714427921507094
day_2048,3,1,0.4781709843211704
day_2048,3,1,0.4247405446237988
day_2048,3,1,0.6570743984646268
day_2048,3,1,0.4714427921507094
day_2048,3,1,0.5572162601682875
day_2048,3,1,0.653112381696701
day_2048,3,1,0.4247405446237988
day_2048,3,1,0.572069893280665
day_2048,3,1,0.4714427921507094
day_2048,3,1,0.411009324921502
day_2048,3,1,0.2504498561223348
day_2048,3,1,0.4781709843211704
day_2048,3,1,0.7102144592338138
day_2048,3,1,0.5572162601682875
day_2048,3,1,0.716382642587026
day_2048,3,1,0.6570743984646268
day_2048,3,1,0.6385192275047302
day_2048,3,1,0.4781709843211704
day_2048,3,1,0.4781709843211704
day_2048,3,1,0.4714427921507094
day_2048,3,1,0.7102144592338138
day_2048,3,1,0.4247405446237988
day_2048,3,1,0.716382642587026
day_2048,3,1,0.4247405446237988
day_2048,3,1,0.2504498561223348
day_2048,3,1,0.5572162601682875
day_2048,3,1,0.7102144592338138
day_2048,3,1,0.5572162601682875
day_2048,3,1,0.3865903185473548
day_2048,3,1,0.3865903185473548
day_2048,3,1,0.3865903185473548
day_2048,3,1,0.3865903185473548
day_2048,3,1,0.3865903185473548
day_2048,3,1,0.3865903185473548
day_2048,3,1,0.3865903185473548
day_2048,3,1,0.3865903185473548
day_2048,3,1,0.3865903185473548
day_2048,3,1,0.3865903185473548
day_2048,3,1,0.3865903185473548
day_2048,3,1,0.3865903185473548
day_2048,3,1,0.3865903185473548
day_2048,3,1,0.3865903185473548
day_2048,3,1,0.3865903185473548
day_2048,3,1,0.3865903185473548
day_2048,3,1,0.3865903185473548
day_2048,3,1,0.3865903185473548
day_2048,3,1,0.3865903185473548
day_2048,3,1,0.3865903185473548
day_2048,3,1,0.3865903185473548
day_2048,3,1,0.3865903185473548
day_2048,3,1,0.3865903185473548
day_2048,3,1,0.3865903185473548
day_2048,3,1,0.3865903185473548
day_2048,3,1,0.3865903185473548
day_2048,3,1,0.3865903185473548
day_2048,3,1,0.3865903185473548
day_2048,3,1,0.3865903185473548
day_2048,3,1,0.3865903185473548
day_2048,3,1,0.3865903185473548
day_2048,3,1,0.3865903185473548
day_2048,3,1,0.3865903185473548
day_2048,3,1,0.3865903185473548
day_2048,3,1,0.3865903185473548
day_2048,3,1,0.3865903185473548
day_2048,3,1,0.3865903185473548
day_2048,3,1,0.40196823080380756
day_2048,3,1,0.5021291342046525
day_2048,3,1,0.5021291342046525
day_2048,3,1,0.5021291342046525
day_2048,3,1,0.8432392610443963
day_2048,3,1,0.8432392610443963
day_2048,3,1,0.5021291342046525
day_2048,3,1,0.8432392610443963
day_2048,3,1,0.40196823080380756
day_2048,3,1,0.5021291342046525
day_2048,3,1,0.8432392610443963
day_2048,3,1,0.8432392610443963
day_2048,3,1,0.8432392610443963
day_2048,3,1,0.40196823080380756
day_2048,3,1,0.8432392610443963
day_2048,3,1,0.40196823080380756
day_2048,3,1,0.40196823080380756
day_2048,3,1,0.40196823080380756
day_2048,3,1,0.40196823080380756
day_2048,3,1,0.8432392610443963
day_2048,3,1,0.40196823080380756
day_2048,3,1,0.8432392610443963
day_2048,3,1,0.40196823080380756
day_2048,3,1,0.40196823080380756
day_2048,3,1,0.40196823080380756
day_2048,3,1,0.5021291342046525
day_2048,3,1,0.8432392610443963
day_2048,3,1,0.5021291342046525
day_2048,3,1,0.5021291342046525
day_2048,3,1,0.8432392610443963
day_2048,3,1,0.8432392610443963
day_2048,3,1,0.5021291342046525
day_2048,3,1,0.40196823080380756
day_2048,3,1,0.40196823080380756
day_2048,3,1,0.5021291342046525
day_2048,3,1,0.40196823080380756
day_2048,3,1,0.40196823080380756
day_2048,3,1,0.6192477775944604
day_2048,3,1,0.712934156258901
day_2048,3,1,0.4070113284720315
day_2048,3,1,0.4070113284720315
day_2048,3,1,0.6443439986970689
day_2048,3,1,0.851427435874939
day_2048,3,1,0.5429728362295363
day_2048,3,1,0.5787007013956705
day_2048,3,1,0.8253468937344022
day_2048,3,1,0.851427435874939
day_2048,3,1,0.5429728362295363
day_2048,3,1,0.8335311677720811
day_2048,3,1,0.8335311677720811
day_2048,3,1,0.8253468937344022
day_2048,3,1,0.4070113284720315
day_2048,3,1,0.46758776240878636
day_2048,3,1,0.6153174837430319
day_2048,3,1,0.6153174837430319
day_2048,3,1,0.6192477775944604
day_2048,3,1,0.8335311677720811
day_2048,3,1,0.8253468937344022
day_2048,3,1,0.46758776240878636
day_2048,3,1,0.5787007013956705
day_2048,3,1,0.6153174837430319
day_2048,3,1,0.8335311677720811
day_2048,3,1,0.6153174837430319
day_2048,3,1,0.9055569105678134
day_2048,3,1,0.4070113284720315
day_2048,3,1,0.9055569105678134
day_2048,3,1,0.46758776240878636
day_2048,3,1,0.6192477775944604
day_2048,3,1,0.46758776240878636
day_2048,3,1,0.46758776240878636
day_2048,3,1,0.6443439986970689
day_2048,3,1,0.9055569105678134
day_2048,3,1,0.851427435874939
day_2048,3,1,0.4070113284720315
day_2048,3,1,0.7052413357628716
day_2048,3,1,0.49011403653356767
day_2048,3,1,0.7052413357628716
day_2048,3,1,0.49011403653356767
day_2048,3,1,0.49011403653356767
day_2048,3,1,0.9219887786441379
day_2048,3,1,0.9219887786441379
day_2048,3,1,0.9219887786441379
day_2048,3,1,0.9219887786441379
day_2048,3,1,0.9219887786441379
day_2048,3,1,0.8201407194137573
day_2048,3,1,0.49011403653356767
day_2048,3,1,0.9219887786441379
day_2048,3,1,0.49011403653356767
day_2048,3,1,0.8201407194137573
day_2048,3,1,0.7052413357628716
day_2048,3,1,0.7052413357628716
day_2048,3,1,0.8201407194137573
day_2048,3,1,0.7052413357628716
day_2048,3,1,0.9219887786441379
day_2048,3,1,0.8201407194137573
day_2048,3,1,0.49011403653356767
day_2048,3,1,0.7052413357628716
day_2048,3,1,0.9219887786441379
day_2048,3,1,0.49011403653356767
day_2048,3,1,0.9219887786441379
day_2048,3,1,0.8201407194137573
day_2048,3,1,0.7052413357628716
day_2048,3,1,0.49011403653356767
day_2048,3,1,0.8201407194137573
day_2048,3,1,0.49011403653356767
day_2048,3,1,0.49011403653356767
day_2048,3,1,0.9219887786441379
day_2048,3,1,0.9219887786441379
day_2048,3,1,0.49011403653356767
day_2048,3,1,0.8201407194137573
day_2048,3,1,0.9219887786441379
day_2048,3,1,0.7321129573716058
day_2048,3,1,0.7321129573716058
day_2048,3,1,0.7321129573716058
day_2048,3,1,0.7321129573716058
day_2048,3,1,0.7321129573716058
day_2048,3,1,0.7321129573716058
day_2048,3,1,0.7321129573716058
day_2048,3,1,0.7321129573716058
day_2048,3,1,0.7321129573716058
day_2048,3,1,0.7321129573716058
day_2048,3,1,0.7321129573716058
day_2048,3,1,0.7321129573716058
day_2048,3,1,0.7321129573716058
day_2048,3,1,0.7321129573716058
day_2048,3,1,0.7321129573716058
day_2048,3,1,0.7321129573716058
day_2048,3,1,0.7321129573716058
day_2048,3,1,0.7321129573716058
day_2048,3,1,0.7321129573716058
day_2048,3,1,0.7321129573716058
day_2048,3,1,0.7321129573716058
day_2048,3,1,0.7321129573716058
day_2048,3,1,0.7321129573716058
day_2048,3,1,0.7321129573716058
day_2048,3,1,0.7321129573716058
day_2048,3,1,0.7321129573716058
day_2048,3,1,0.7321129573716058
day_2048,3,1,0.7321129573716058
day_2048,3,1,0.7321129573716058
day_2048,3,1,0.7321129573716058
day_2048,3,1,0.7321129573716058
day_2048,3,1,0.7321129573716058
day_2048,3,1,0.7321129573716058
day_2048,3,1,0.7321129573716058
day_2048,3,1,0.7321129573716058
day_2048,3,1,0.7321129573716058
day_2048,3,1,0.7321129573716058
day_2048,3,1,0.28765754567252266
day_2048,3,1,0.25691777136590743
day_2048,3,1,0.2567697962125142
day_2048,3,1,0.4770411153634389
day_2048,3,1,0.5117829276455773
day_2048,3,1,0.4770411153634389
day_2048,3,1,0.46683285633722943
day_2048,3,1,0.28765754567252266
day_2048,3,1,0.4707455105251736
day_2048,3,1,0.28765754567252266
day_2048,3,1,0.3162306199471156
day_2048,3,1,0.3203981700870726
day_2048,3,1,0.46683285633722943
day_2048,3,1,0.2567697962125142
day_2048,3,1,0.3162306199471156
day_2048,3,1,0.6099426017867194
day_2048,3,1,0.2567697962125142
day_2048,3,1,0.3162306199471156
day_2048,3,1,0.46683285633722943
day_2048,3,1,0.5477258563041687
day_2048,3,1,0.4770411153634389
day_2048,3,1,0.5477258563041687
day_2048,3,1,0.4707455105251736
day_2048,3,1,0.4770411153634389
day_2048,3,1,0.5117829276455773
day_2048,3,1,0.4707455105251736
day_2048,3,1,0.3203981700870726
day_2048,3,1,0.6099426017867194
day_2048,3,1,0.4770411153634389
day_2048,3,1,0.2567697962125142
day_2048,3,1,0.5117829276455773
day_2048,3,1,0.25691777136590743
day_2048,3,1,0.5117829276455773
day_2048,3,1,0.4770411153634389
day_2048,3,1,0.4770411153634389
day_2048,3,1,0.25691777136590743
day_2048,3,1,0.28765754567252266
day_2048,3,1,0.5139989687336816
day_2048,3,1,0.869331439336141
day_2048,3,1,0.869331439336141
day_2048,3,1,0.5139989687336816
day_2048,3,1,0.869331439336141
day_2048,3,1,0.869331439336141
day_2048,3,1,0.869331439336141
day_2048,3,1,0.869331439336141
day_2048,3,1,0.5139989687336816
day_2048,3,1,0.5139989687336816
day_2048,3,1,0.5139989687336816
day_2048,3,1,0.5139989687336816
day_2048,3,1,0.869331439336141
day_2048,3,1,0.5139989687336816
day_2048,3,1,0.5139989687336816
day_2048,3,1,0.5139989687336816
day_2048,3,1,0.5139989687336816
day_2048,3,1,0.5139989687336816
day_2048,3,1,0.5139989687336816
day_2048,3,1,0.5139989687336816
day_2048,3,1,0.5139989687336816
day_2048,3,1,0.5139989687336816
day_2048,3,1,0.5139989687336816
day_2048,3,1,0.869331439336141
day_2048,3,1,0.5139989687336816
day_2048,3,1,0.5139989687336816
day_2048,3,1,0.869331439336141
day_2048,3,1,0.869331439336141
day_2048,3,1,0.5139989687336816
day_2048,3,1,0.869331439336141
day_2048,3,1,0.869331439336141
day_2048,3,1,0.5139989687336816
day_2048,3,1,0.869331439336141
day_2048,3,1,0.5139989687336816
day_2048,3,1,0.869331439336141
day_2048,3,1,0.869331439336141
day_2048,3,1,0.5139989687336816
day_2048,3,1,0.7988790339893765
day_2048,3,1,0.25225355724493664
day_2048,3,1,0.5878316362698873
day_2048,3,1,0.8162971271408929
day_2048,3,1,0.5878316362698873
day_2048,3,1,0.4013942579428355
day_2048,3,1,0.6878035101625655
day_2048,3,1,0.4110601527823342
day_2048,3,1,0.4013942579428355
day_2048,3,1,0.7988790339893765
day_2048,3,1,0.5878316362698873
day_2048,3,1,0.8162971271408929
day_2048,3,1,0.5878316362698873
day_2048,3,1,0.25225355724493664
day_2048,3,1,0.7988790339893765
day_2048,3,1,0.530555440319909
day_2048,3,1,0.5780182613266839
day_2048,3,1,0.7988790339893765
day_2048,3,1,0.530555440319909
day_2048,3,1,0.530555440319909
day_2048,3,1,0.25225355724493664
day_2048,3,1,0.8162971271408929
day_2048,3,1,0.8162971271408929
day_2048,3,1,0.530555440319909
day_2048,3,1,0.5878316362698873
day_2048,3,1,0.5780182613266839
day_2048,3,1,0.5780182613266839
day_2048,3,1,0.4110601527823342
day_2048,3,1,0.4110601527823342
day_2048,3,1,0.530555440319909
day_2048,3,1,0.530555440319909
day_2048,3,1,0.5780182613266839
day_2048,3,1,0.530555440319909
day_2048,3,1,0.5780182613266839
day_2048,3,1,0.6878035101625655
day_2048,3,1,0.25225355724493664
day_2048,3,1,0.6878035101625655
day_2048,3,1,0.9405534731017219
day_2048,3,1,0.7098518676227994
day_2048,3,1,0.7781684663560655
day_2048,3,1,0.7098518676227994
day_2048,3,1,0.7781684663560655
day_2048,3,1,0.7781684663560655
day_2048,3,1,0.9405534731017219
day_2048,3,1,0.7098518676227994
day_2048,3,1,0.9405534731017219
day_2048,3,1,0.7098518676227994
day_2048,3,1,0.6368109981218973
day_2048,3,1,0.7781684663560655
day_2048,3,1,0.7781684663560655
day_2048,3,1,0.7098518676227994
day_2048,3,1,0.9405534731017219
day_2048,3,1,0.6368109981218973
day_2048,3,1,0.7781684663560655
day_2048,3,1,0.7098518676227994
day_2048,3,1,0.611379302210278
day_2048,3,1,0.6368109981218973
day_2048,3,1,0.7781684663560655
day_2048,3,1,0.7781684663560655
day_2048,3,1,0.9275470309787326
day_2048,3,1,0.9405534731017219
day_2048,3,1,0.9405534731017219
day_2048,3,1,0.7098518676227994
day_2048,3,1,0.6368109981218973
day_2048,3,1,0.7781684663560655
day_2048,3,1,0.6368109981218973
day_2048,3,1,0.7781684663560655
day_2048,3,1,0.6368109981218973
day_2048,3,1,0.611379302210278
day_2048,3,1,0.6368109981218973
day_2048,3,1,0.9405534731017219
day_2048,3,1,0.7781684663560655
day_2048,3,1,0.9275470309787326
day_2048,3,1,0.7098518676227994
day_2048,3,1,0.560034539964464
day_2048,3,1,0.2334676186243693
day_2048,3,1,0.5196749766667684
day_2048,3,1,0.6843176749017503
day_2048,3,1,0.5196749766667684
day_2048,3,1,0.8348018659485711
day_2048,3,1,0.6843176749017503
day_2048,3,1,0.560034539964464
day_2048,3,1,0.6801873048146566
day_2048,3,1,0.8348018659485711
day_2048,3,1,0.8348018659485711
day_2048,3,1,0.8348018659485711
day_2048,3,1,0.6771508389049106
day_2048,3,1,0.7222073541747199
day_2048,3,1,0.6843176749017503
day_2048,3,1,0.560034539964464
day_2048,3,1,0.6801873048146566
day_2048,3,1,0.6843176749017503
day_2048,3,1,0.5196749766667684
day_2048,3,1,0.6801873048146566
day_2048,3,1,0.7222073541747199
day_2048,3,1,0.560034539964464
day_2048,3,1,0.6843176749017503
day_2048,3,1,0.560034539964464
day_2048,3,1,0.6843176749017503
day_2048,3,1,0.6771508389049106
day_2048,3,1,0.7222073541747199
day_2048,3,1,0.8348018659485711
day_2048,3,1,0.6801873048146566
day_2048,3,1,0.7222073541747199
day_2048,3,1,0.6801873048146566
day_2048,3,1,0.6771508389049106
day_2048,3,1,0.6801873048146566
day_2048,3,1,0.560034539964464
day_2048,3,1,0.6801873048146566
day_2048,3,1,0.6771508389049106
day_2048,3,1,0.7222073541747199
day_2048,3,1,0.9393466512362162
day_2048,3,1,0.9393466512362162
day_2048,3,1,0.9393466512362162
day_2048,3,1,0.9393466512362162
day_2048,3,1,0.9393466512362162
day_2048,3,1,0.9393466512362162
day_2048,3,1,0.9393466512362162
day_2048,3,1,0.9393466512362162
day_2048,3,1,0.9393466512362162
day_2048,3,1,0.9393466512362162
day_2048,3,1,0.9393466512362162
day_2048,3,1,0.9393466512362162
day_2048,3,1,0.9393466512362162
day_2048,3,1,0.9393466512362162
day_2048,3,1,0.9393466512362162
day_2048,3,1,0.9393466512362162
day_2048,3,1,0.9393466512362162
day_2048,3,1,0.9393466512362162
day_2048,3,1,0.9393466512362162
day_2048,3,1,0.9393466512362162
day_2048,3,1,0.9393466512362162
day_2048,3,1,0.9393466512362162
day_2048,3,1,0.9393466512362162
day_2048,3,1,0.9393466512362162
day_2048,3,1,0.9393466512362162
day_2048,3,1,0.9393466512362162
day_2048,3,1,0.9393466512362162
day_2048,3,1,0.9393466512362162
day_2048,3,1,0.9393466512362162
day_2048,3,1,0.9393466512362162
day_2048,3,1,0.9393466512362162
day_2048,3,1,0.9393466512362162
day_2048,3,1,0.9393466512362162
day_2048,3,1,0.9393466512362162
day_2048,3,1,0.9393466512362162
day_2048,3,1,0.9393466512362162
day_2048,3,1,0.9393466512362162
day_2048,3,1,0.6670295662350125
day_2048,3,1,0.597443574004703
day_2048,3,1,0.5483346581459045
day_2048,3,1,0.5966475539737277
day_2048,3,1,0.33448724614249337
day_2048,3,1,0.5483346581459045
day_2048,3,1,0.6240188644991981
day_2048,3,1,0.597443574004703
day_2048,3,1,0.4745917121569316
day_2048,3,1,0.6763591236538358
day_2048,3,1,0.33448724614249337
day_2048,3,1,0.6271712382634481
day_2048,3,1,0.39025817314783734
day_2048,3,1,0.6763591236538358
day_2048,3,1,0.6271712382634481
day_2048,3,1,0.6670295662350125
day_2048,3,1,0.3438492748472426
day_2048,3,1,0.6240188644991981
day_2048,3,1,0.5966475539737277
day_2048,3,1,0.3438492748472426
day_2048,3,1,0.5483346581459045
day_2048,3,1,0.3417310615380605
day_2048,3,1,0.33659109638796914
day_2048,3,1,0.7288956840833029
day_2048,3,1,0.5391820867856344
day_2048,3,1,0.7288956840833029
day_2048,3,1,0.39025817314783734
day_2048,3,1,0.5966475539737277
day_2048,3,1,0.33448724614249337
day_2048,3,1,0.33448724614249337
day_2048,3,1,0.6271712382634481
day_2048,3,1,0.6763591236538358
day_2048,3,1,0.7288956840833029
day_2048,3,1,0.6271712382634481
day_2048,3,1,0.7288956840833029
day_2048,3,1,0.39025817314783734
day_2048,3,1,0.6670295662350125
day_2048,3,1,0.45197297798262703
day_2048,3,1,0.3858851128154331
day_2048,3,1,0.8236595061090257
day_2048,3,1,0.3858851128154331
day_2048,3,1,0.45488971802923417
day_2048,3,1,0.6859701077143351
day_2048,3,1,0.45488971802923417
day_2048,3,1,0.6111928655041589
day_2048,3,1,0.6421180036332872
day_2048,3,1,0.5262303021219041
day_2048,3,1,0.5262303021219041
day_2048,3,1,0.6859701077143351
day_2048,3,1,0.3858851128154331
day_2048,3,1,0.8236595061090257
day_2048,3,1,0.6111928655041589
day_2048,3,1,0.45992544624540543
day_2048,3,1,0.3858851128154331
day_2048,3,1,0.7954300575786166
day_2048,3,1,0.6859701077143351
day_2048,3,1,0.7954300575786166
day_2048,3,1,0.8227185871866014
day_2048,3,1,0.27639877133899265
day_2048,3,1,0.3858851128154331
day_2048,3,1,0.45488971802923417
day_2048,3,1,0.8236595061090257
day_2048,3,1,0.45488971802923417
day_2048,3,1,0.6421180036332872
day_2048,3,1,0.6111928655041589
day_2048,3,1,0.27639877133899265
day_2048,3,1,0.45488971802923417
day_2048,3,1,0.6950130777226554
day_2048,3,1,0.7954300575786166
day_2048,3,1,0.8227185871866014
day_2048,3,1,0.7887030641237894
day_2048,3,1,0.45197297798262703
day_2048,3,1,0.6950130777226554
day_2048,3,1,0.6950130777226554
day_2048,3,1,0.49942757023705375
day_2048,3,1,0.4896608392397563
day_2048,3,1,0.7310378286573622
day_2048,3,1,0.08395250886678696
day_2048,3,1,0.6596610115634071
day_2048,3,1,0.48294514748785233
day_2048,3,1,0.34032193736897576
day_2048,3,1,0.28742827143934035
day_2048,3,1,0.36711202065149945
day_2048,3,1,0.19271636009216309
day_2048,3,1,0.08395250886678696
day_2048,3,1,0.4341222991545995
day_2048,3,1,0.4896608392397563
day_2048,3,1,0.48294514748785233
day_2048,3,1,0.36711202065149945
day_2048,3,1,0.37585104670789504
day_2048,3,1,0.6596610115634071
day_2048,3,1,0.37585104670789504
day_2048,3,1,0.62231002913581
day_2048,3,1,0.6596610115634071
day_2048,3,1,0.37585104670789504
day_2048,3,1,0.793207499716017
day_2048,3,1,0.793207499716017
day_2048,3,1,0.7310378286573622
day_2048,3,1,0.36711202065149945
day_2048,3,1,0.4896608392397563
day_2048,3,1,0.19271636009216309
day_2048,3,1,0.36711202065149945
day_2048,3,1,0.793207499716017
day_2048,3,1,0.37585104670789504
day_2048,3,1,0.28742827143934035
day_2048,3,1,0.7310378286573622
day_2048,3,1,0.7310378286573622
day_2048,3,1,0.793207499716017
day_2048,3,1,0.7310378286573622
day_2048,3,1,0.37585104670789504
day_2048,3,1,0.34032193736897576
day_2048,3,1,0.30114753047625226
day_2048,3,1,0.25490282475948334
day_2048,3,1,0.5988550318611993
day_2048,3,1,0.7299526466263665
day_2048,3,1,0.5988550318611993
day_2048,3,1,0.8137492338816324
day_2048,3,1,0.25490282475948334
day_2048,3,1,0.5675455729166666
day_2048,3,1,0.38281190395355225
day_2048,3,1,0.38281190395355225
day_2048,3,1,0.8137492338816324
day_2048,3,1,0.25490282475948334
day_2048,3,1,0.38281190395355225
day_2048,3,1,0.30114753047625226
day_2048,3,1,0.25490282475948334
day_2048,3,1,0.5675455729166666
day_2048,3,1,0.25490282475948334
day_2048,3,1,0.5988550318611993
day_2048,3,1,0.5988550318611993
day_2048,3,1,0.7299526466263665
day_2048,3,1,0.30114753047625226
day_2048,3,1,0.30114753047625226
day_2048,3,1,0.5988550318611993
day_2048,3,1,0.38281190395355225
day_2048,3,1,0.8137492338816324
day_2048,3,1,0.5675455729166666
day_2048,3,1,0.5675455729166666
day_2048,3,1,0.38281190395355225
day_2048,3,1,0.7299526466263665
day_2048,3,1,0.5988550318611993
day_2048,3,1,0.5988550318611993
day_2048,3,1,0.38281190395355225
day_2048,3,1,0.5675455729166666
day_2048,3,1,0.8137492338816324
day_2048,3,1,0.25490282475948334
day_2048,3,1,0.8137492338816324
day_2048,3,1,0.25490282475948334
day_2048,3,1,0.7218610776795281
day_2048,3,1,0.491918017466863
day_2048,3,1,0.7218610776795281
day_2048,3,1,0.5697925951745775
day_2048,3,1,0.26277554366323685
day_2048,3,1,0.7078957127200233
day_2048,3,1,0.967638373374939
day_2048,3,1,0.7078957127200233
day_2048,3,1,0.26277554366323685
day_2048,3,1,0.491918017466863
day_2048,3,1,0.7218610776795281
day_2048,3,1,0.9670739836162991
day_2048,3,1,0.967638373374939
day_2048,3,1,0.7078957127200233
day_2048,3,1,0.26277554366323685
day_2048,3,1,0.491918017466863
day_2048,3,1,0.7218610776795281
day_2048,3,1,0.5697925951745775
day_2048,3,1,0.5697925951745775
day_2048,3,1,0.7218610776795281
day_2048,3,1,0.26277554366323685
day_2048,3,1,0.7078957127200233
day_2048,3,1,0.5697925951745775
day_2048,3,1,0.7218610776795281
day_2048,3,1,0.9670739836162991
day_2048,3,1,0.7078957127200233
day_2048,3,1,0.7078957127200233
day_2048,3,1,0.26277554366323685
day_2048,3,1,0.491918017466863
day_2048,3,1,0.5697925951745775
day_2048,3,1,0.7078957127200233
day_2048,3,1,0.5697925951745775
day_2048,3,1,0.26277554366323685
day_2048,3,1,0.7218610776795281
day_2048,3,1,0.5697925951745775
day_2048,3,1,0.7078957127200233
day_2048,3,1,0.2664538903368844
day_2048,3,1,0.8246118558777703
day_2048,3,1,0.8246118558777703
day_2048,3,1,0.7271752821074592
day_2048,3,1,0.7271752821074592
day_2048,3,1,0.8246118558777703
day_2048,3,1,0.7271752821074592
day_2048,3,1,0.7271752821074592
day_2048,3,1,0.8246118558777703
day_2048,3,1,0.7271752821074592
day_2048,3,1,0.7271752821074592
day_2048,3,1,0.8246118558777703
day_2048,3,1,0.7271752821074592
day_2048,3,1,0.7271752821074592
day_2048,3,1,0.8246118558777703
day_2048,3,1,0.8246118558777703
day_2048,3,1,0.7271752821074592
day_2048,3,1,0.8246118558777703
day_2048,3,1,0.8246118558777703
day_2048,3,1,0.8246118558777703
day_2048,3,1,0.8246118558777703
day_2048,3,1,0.7271752821074592
day_2048,3,1,0.8246118558777703
day_2048,3,1,0.8246118558777703
day_2048,3,1,0.8246118558777703
day_2048,3,1,0.7271752821074592
day_2048,3,1,0.7271752821074592
day_2048,3,1,0.8246118558777703
day_2048,3,1,0.7271752821074592
day_2048,3,1,0.7271752821074592
day_2048,3,1,0.8246118558777703
day_2048,3,1,0.7271752821074592
day_2048,3,1,0.7271752821074592
day_2048,3,1,0.8246118558777703
day_2048,3,1,0.8246118558777703
day_2048,3,1,0.8246118558777703
day_2048,3,1,0.7271752821074592
day_2048,3,1,0.8246118558777703
day_2048,3,0,0.4684901303715176
day_2048,3,0,0.648292620976766
day_2048,3,0,0.19983689983685812
day_2048,3,0,0.8671718769603305
day_2048,3,0,0.19310674402448866
day_2048,3,0,0.32574189371532863
day_2048,3,0,0.35767221119668746
day_2048,3,0,0.20659767008490032
day_2048,3,0,0.3340316977765825
day_2048,3,0,0.575227955977122
day_2048,3,0,0.31088333825270337
day_2048,3,0,0.6035348011387719
day_2048,3,0,0.4796321954992082
day_2048,3,0,0.09789904413951768
day_2048,3,0,0.3933245804574754
day_2048,3,0,0.4003058473269145
day_2048,3,0,0.09789904413951768
day_2048,3,0,0.31026491191652084
day_2048,3,0,0.09789904413951768
day_2048,3,0,0.2469362136390474
day_2048,3,0,0.09789904413951768
day_2048,3,0,0.27435632050037384
day_2048,3,0,0.6705376572079129
day_2048,3,0,0.729990111456977
day_2048,3,0,0.6889712115128835
day_2048,3,0,0.27506359418233234
day_2048,3,0,0.6165747178925408
day_2048,3,0,0.6461754308806525
day_2048,3,0,0.7174076437950134
day_2048,3,0,0.23772812220785353
day_2048,3,0,0.30058402319749195
day_2048,3,0,0.33211888869603473
day_2048,3,0,0.21410853250159156
day_2048,3,0,0.2105643136633767
day_2048,3,0,0.22827156302001742
day_2048,3,0,0.1337730752097236
day_2048,3,0,0.5903155472543504
day_2048,3,0,0.2942832310994466
day_2048,3,0,0.10165878157648775
day_2048,3,0,0.30442845159106785
day_2048,3,0,0.25217754476600224
day_2048,3,0,0.10165878157648775
day_2048,3,0,0.10165878157648775
day_2048,3,0,0.5503246651755439
day_2048,3,0,0.5636706882052951
day_2048,3,0,0.20744712319638994
day_2048,3,0,0.21099714106983608
day_2048,3,0,0.09149254030651516
day_2048,3,0,0.10165878157648775
day_2048,3,0,0.38781220548682743
day_2048,3,0,0.10165878157648775
day_2048,3,0,0.3361997521585888
day_2048,3,0,0.3970997714334064
day_2048,3,0,0.6752859950065613
day_2048,3,0,0.10165878157648775
day_2048,3,0,0.44574992524253
day_2048,3,0,0.10165878157648775
day_2048,3,0,0.6178847120867835
day_2048,3,0,0.10165878157648775
day_2048,3,0,0.10165878157648775
day_2048,3,0,0.27262933055559796
day_2048,3,0,0.3604490848051177
day_2048,3,0,0.6870599985122681
day_2048,3,0,0.3741380290852653
day_2048,3,0,0.10165878157648775
day_2048,3,0,0.10165878157648775
day_2048,3,0,0.10165878157648775
day_2048,3,0,0.10165878157648775
day_2048,3,0,0.435930911037657
day_2048,3,0,0.10165878157648775
day_2048,3,0,0.767137391699685
day_2048,3,0,0.3269123252895143
day_2048,3,0,0.10165878157648775
day_2048,3,0,0.10165878157648775
day_2048,3,0,0.4802931646505992
day_2048,3,0,0.5102212395932939
day_2048,3,0,0.753881123330858
day_2048,3,0,0.5811365909046597
day_2048,3,0,0.24518055137660769
day_2048,3,0,0.504851778348287
day_2048,3,0,0.6030449867248535
day_2048,3,0,0.42834819356600445
day_2048,3,0,0.5432649089230431
day_2048,3,0,0.33032263815402985
day_2048,3,0,0.8177869055006239
day_2048,3,0,0.25398967580662835
day_2048,3,0,0.4224749737315708
day_2048,3,0,0.09153209171361393
day_2048,3,0,0.43018372191323173
day_2048,3,0,0.29248875710699296
day_2048,3,0,0.6581871774461534
day_2048,3,0,0.27495918836858535
day_2048,3,0,0.27708500292566085
day_2048,3,0,0.4809270203113556
day_2048,3,0,0.22471837451060614
day_2048,3,0,0.09153209171361393
day_2048,3,0,0.5458605256345537
day_2048,3,0,0.481530014011595
day_2048,3,0,0.3160344941748513
day_2048,3,0,0.2984059171544181
day_2048,3,0,0.8160034020741781
day_2048,3,0,0.3852277911371655
day_2048,3,0,0.14213954160610834
day_2048,3,0,0.32178077432844376
day_2048,3,0,0.6758527821964688
day_2048,3,0,0.3782397475507524
day_2048,3,0,0.47981639040840995
day_2048,3,0,0.7650254236327277
day_2048,3,0,0.12414454089270698
day_2048,3,0,0.3375323944621616
day_2048,3,0,0.3633951147397359
day_2048,3,0,0.3952052593231201
day_2048,3,0,0.14221659530368116
day_2048,3,0,0.0520396139472723
day_2048,3,0,0.3842513635754585
day_2048,3,0,0.16722590227921805
day_2048,3,0,0.05284325944052802
day_2048,3,0,0.05284325944052802
day_2048,3,0,0.4377427068021562
day_2048,3,0,0.31362661553753746
day_2048,3,0,0.44561386439535355
day_2048,3,0,0.05284325944052802
day_2048,3,0,0.2732420199447208
day_2048,3,0,0.2732420199447208
day_2048,3,0,0.33203953670130837
day_2048,3,0,0.08257041995724042
day_2048,3,0,0.05284325944052802
day_2048,3,0,0.16925887142618498
day_2048,3,0,0.06357462300608556
day_2048,3,0,0.7500873075591193
day_2048,3,0,0.4560210704803467
day_2048,3,0,0.24142425010601679
day_2048,3,0,0.2523559977610906
day_2048,3,0,0.1177170765068796
day_2048,3,0,0.35176857312520343
day_2048,3,0,0.18537856390078863
day_2048,3,0,0.23876842028564876
day_2048,3,0,0.3323642412821452
day_2048,3,0,0.47726671563254464
day_2048,3,0,0.20303747140698963
day_2048,3,0,0.26786743104457855
day_2048,3,0,0.05284325944052802
day_2048,3,0,0.12430638240443335
day_2048,3,0,0.5277966327137418
day_2048,3,0,0.19221523900826773
day_2048,3,0,0.1637048820654551
day_2048,3,0,0.10933784271279971
day_2048,3,0,0.29436331656244064
day_2048,3,0,0.5941073000431061
day_2048,3,0,0.13748536258935928
day_2048,3,0,0.5654753943284353
day_2048,3,0,0.31608471771081287
day_2048,3,0,0.20095345874627432
day_2048,3,0,0.6035432484414842
day_2048,3,0,0.3288784474134445
day_2048,3,0,0.785807341337204
day_2048,3,0,0.24373691777388254
day_2048,3,0,0.3347320424185859
day_2048,3,0,0.40494829085138107
day_2048,3,0,0.4153417083952162
day_2048,3,0,0.47809014055464005
day_2048,3,0,0.4989788929621379
day_2048,3,0,0.47380200690693325
day_2048,3,0,0.48396386040581596
day_2048,3,0,0.5776636302471161
day_2048,3,0,0.08752633196612199
day_2048,3,0,0.08752633196612199
day_2048,3,0,0.40494829085138107
day_2048,3,0,0.5050258139769236
day_2048,3,0,0.5104329652256436
day_2048,3,0,0.39746541115972733
day_2048,3,0,0.17745976150035858
day_2048,3,0,0.4579538603623708
day_2048,3,0,0.3129347132311927
day_2048,3,0,0.5633810626135932
day_2048,3,0,0.5552261306179894
day_2048,3,0,0.46677231457498336
day_2048,3,0,0.32940853304333156
day_2048,3,0,0.5228291352589926
day_2048,3,0,0.5980886171261469
day_2048,3,0,0.45440124803119236
day_2048,3,0,0.4964900016784668
day_2048,3,0,0.43696561124589706
day_2048,3,0,0.4334261152479384
day_2048,3,0,0.5371534890598721
day_2048,3,0,0.6356874141428206
day_2048,3,0,0.1740440604173475
day_2048,3,0,0.1740440604173475
day_2048,3,0,0.320366973678271
day_2048,3,0,0.10702108881539768
day_2048,3,0,0.1262597238851918
day_2048,3,0,0.1642729648285442
day_2048,3,0,0.32801705102125805
day_2048,3,0,0.0596505067207747
day_2048,3,0,0.12521926148070228
day_2048,3,0,0.5874037444591522
day_2048,3,0,0.0883331365055508
day_2048,3,0,0.127333745567335
day_2048,3,0,0.12969311947623888
day_2048,3,0,0.4441395468182034
day_2048,3,0,0.18885350310140187
day_2048,3,0,0.1483286145246691
day_2048,3,0,0.20525444050629935
day_2048,3,0,0.2792222599188487
day_2048,3,0,0.1731208103398482
day_2048,3,0,0.12476487002438968
day_2048,3,0,0.06503764705525504
day_2048,3,0,0.11986198866118987
day_2048,3,0,0.5946163435777029
day_2048,3,0,0.3931065830919478
day_2048,3,0,0.41505293879244065
day_2048,3,0,0.07365467896064122
day_2048,3,0,0.6405296193228828
day_2048,3,0,0.14047557819220755
day_2048,3,0,0.20525444050629935
day_2048,3,0,0.6737916072209676
day_2048,3,0,0.14101121202111244
day_2048,3,0,0.18529746847020256
day_2048,3,0,0.3931065830919478
day_2048,3,0,0.13744909399085575
day_2048,3,0,0.17287974721855587
day_2048,3,0,0.5050185256534152
day_2048,3,0,0.5512210925420126
day_2048,3,0,0.3106984943151474
day_2048,3,0,0.1855793727768792
day_2048,3,0,0.27642016775078243
day_2048,3,0,0.41002262632052106
day_2048,3,0,0.1551926467153761
day_2048,3,0,0.6768224835395813
day_2048,3,0,0.5636994308895535
day_2048,3,0,0.6994725730684068
day_2048,3,0,0.4321128163072798
day_2048,3,0,0.12796980887651443
day_2048,3,0,0.09474302724831635
day_2048,3,0,0.348924630218082
day_2048,3,0,0.24615568419297537
day_2048,3,0,0.3206932445367177
day_2048,3,0,0.4809161060386234
day_2048,3,0,0.690395176410675
day_2048,3,0,0.40533198250664604
day_2048,3,0,0.48213610384199357
day_2048,3,0,0.1551926467153761
day_2048,3,0,0.35000765489207375
day_2048,3,0,0.18361088136831918
day_2048,3,0,0.1755724632077747
day_2048,3,0,0.32036735945277744
day_2048,3,0,0.0922508022437493
day_2048,3,0,0.6848954227235582
day_2048,3,0,0.30789975159698063
day_2048,3,0,0.348924630218082
day_2048,3,0,0.7035656372706095
day_2048,3,0,0.09322985385855038
day_2048,3,0,0.2221368799606959
day_2048,3,0,0.3154867771599028
day_2048,3,0,0.5469496995210648
day_2048,3,0,0.6415964166323344
day_2048,3,0,0.265473335981369
day_2048,3,0,0.3995027509000566
day_2048,3,0,0.18258808139297697
day_2048,3,0,0.19305999618437555
day_2048,3,0,0.555492553446028
day_2048,3,0,0.6764862272474501
day_2048,3,0,0.28580615917841595
day_2048,3,0,0.48451194498274064
day_2048,3,0,0.5378057956695557
day_2048,3,0,0.4598618613349067
day_2048,3,0,0.24170473549101087
day_2048,3,0,0.3838394482930501
day_2048,3,0,0.2368145783742269
day_2048,3,0,0.5770785411198934
day_2048,3,0,0.5399185733662711
day_2048,3,0,0.09752291565140088
day_2048,3,0,0.5268567237589095
day_2048,3,0,0.4284127569860882
day_2048,3,0,0.5271962583065033
day_2048,3,0,0.5544470714198219
day_2048,3,0,0.2947033925188912
day_2048,3,0,0.48445551262961495
day_2048,3,0,0.21543966896004146
day_2048,3,0,0.37801781793435413
day_2048,3,0,0.37801781793435413
day_2048,3,0,0.4919186631838481
day_2048,3,0,0.897251824537913
day_2048,3,0,0.47958215077718097
day_2048,3,0,0.3364596664905548
day_2048,3,0,0.34662970569398666
day_2048,3,0,0.5333992524279488
day_2048,3,0,0.3772266076670753
day_2048,3,0,0.2931878897878859
day_2048,3,0,0.4284127569860882
day_2048,3,0,0.5044190850522783
day_2048,3,0,0.20161245928870308
day_2048,3,0,0.27095624142222935
day_2048,3,0,0.4067499306466844
day_2048,3,0,0.28596193260616726
day_2048,3,0,0.35188108682632446
day_2048,3,0,0.582235746913486
day_2048,3,0,0.36285710169209373
day_2048,3,0,0.2713223530186547
day_2048,3,0,0.5384026202890608
day_2048,3,0,0.13146002093950906
day_2048,3,0,0.21699020928806728
day_2048,3,0,0.23616087436676025
day_2048,3,0,0.10353083536028862
day_2048,3,0,0.23766924109723833
day_2048,3,0,0.5016757349173228
day_2048,3,0,0.3417486747105916
day_2048,3,0,0.24439151916238996
day_2048,3,0,0.5325158867571089
day_2048,3,0,0.17537781182262632
day_2048,3,0,0.4121595008505715
day_2048,3,0,0.10715447324845526
day_2048,3,0,0.4286932481659783
day_2048,3,0,0.48647741145557827
day_2048,3,0,0.4246010697550244
day_2048,3,0,0.22361240122053358
day_2048,3,0,0.20608863979578018
day_2048,3,0,0.2346431381172604
day_2048,3,0,0.4280113908979628
day_2048,3,0,0.36285710169209373
day_2048,3,0,0.21429103944036695
day_2048,3,0,0.6335565514034696
day_2048,3,0,0.5027830766306983
day_2048,3,0,0.10353083536028862
day_2048,3,0,0.13492657326989704
day_2048,3,0,0.5371282001336416
day_2048,3,0,0.1180544760492113
day_2048,3,0,0.24300229714976418
day_2048,3,0,0.2391773760318756
day_2048,3,0,0.5760774976677365
day_2048,3,0,0.28114182750384015
day_2048,3,0,0.5107106864452362
day_2048,3,0,0.1948944711022907
day_2048,3,0,0.08169178685380353
day_2048,3,0,0.388269970814387
day_2048,3,0,0.2593996483418677
day_2048,3,0,0.3964519566959805
day_2048,3,0,0.320953874124421
day_2048,3,0,0.6468948490089841
day_2048,3,0,0.738376670413547
day_2048,3,0,0.34368542499012417
day_2048,3,0,0.5012045800685883
day_2048,3,0,0.36881608929899
day_2048,3,0,0.3023143659035365
day_2048,3,0,0.16301369791229567
day_2048,3,0,0.33894919355710346
day_2048,3,0,0.46613502502441406
day_2048,3,0,0.4689890907870399
day_2048,3,0,0.34660377105077106
day_2048,3,0,0.2332045394513342
day_2048,3,0,0.24994896021154192
day_2048,3,0,0.08000515835980575
day_2048,3,0,0.5540135602156321
day_2048,3,0,0.18966317176818848
day_2048,3,0,0.31426513029469383
day_2048,3,0,0.35667695932918125
day_2048,3,0,0.6085694564713372
day_2048,3,0,0.3293657783004973
day_2048,3,0,0.09181054391794735
day_2048,3,0,0.38572221663263107
day_2048,3,0,0.37272585266166264
day_2048,3,0,0.31246517598629
day_2048,3,0,0.46613502502441406
day_2048,3,0,0.2972392075591617
day_2048,3,0,0.5082994202772776
day_2048,3,0,0.13512380917867026
day_2048,3,0,0.17230818420648575
day_2048,3,0,0.4193310903178321
day_2048,3,0,0.09387105703353882
day_2048,3,0,0.4004347556167179
day_2048,3,0,0.5574956138928732
day_2048,3,0,0.3737376183271408
day_2048,3,0,0.5109348959392972
day_2048,3,0,0.4290349516603682
day_2048,3,0,0.36863771743244594
day_2048,3,0,0.3722851210170322
day_2048,3,0,0.4342278639475505
day_2048,3,0,0.31837182574801975
day_2048,3,0,0.4210551016860538
day_2048,3,0,0.5891998443338606
day_2048,3,0,0.3056688805421193
day_2048,3,0,0.366397752530045
day_2048,3,0,0.4748708705107371
day_2048,3,0,0.4806974232196808
day_2048,3,0,0.305747840139601
day_2048,3,0,0.43592706239885753
day_2048,3,0,0.2599978935387399
day_2048,3,0,0.1030554295414024
day_2048,3,0,0.42510324550999534
day_2048,3,0,0.5590013894769881
day_2048,3,0,0.19441576053698859
day_2048,3,0,0.32964636385440826
day_2048,3,0,0.4801068935129378
day_2048,3,0,0.4210551016860538
day_2048,3,0,0.271061687833733
day_2048,3,0,0.30391019417179954
day_2048,3,0,0.30036622948116726
day_2048,3,0,0.19772211545043522
day_2048,3,0,0.19494662889175945
day_2048,3,0,0.3347708715332879
day_2048,3,0,0.5352584189838834
day_2048,3,0,0.3077542947398292
day_2048,3,0,0.5329707778162427
day_2048,3,0,0.32964636385440826
day_2048,3,0,0.8866274224387275
day_2048,3,0,0.11737679772906834
day_2048,3,0,0.31451085375414956
day_2048,3,0,0.06116168387234211
day_2048,3,0,0.7006002167860667
day_2048,3,0,0.7000583211580912
day_2048,3,0,0.5560907522837321
day_2048,3,0,0.06116168387234211
day_2048,3,0,0.06116168387234211
day_2048,3,0,0.15094949139489067
day_2048,3,0,0.27270734185973805
day_2048,3,0,0.26451200660732055
day_2048,3,0,0.06846595638328129
day_2048,3,0,0.6096063918537564
day_2048,3,0,0.4882933364974128
day_2048,3,0,0.47697439458635116
day_2048,3,0,0.5192263921101888
day_2048,3,0,0.0799706441660722
day_2048,3,0,0.3296673388944732
day_2048,3,0,0.6187054117520651
day_2048,3,0,0.09327663688196076
day_2048,3,0,0.1250987077752749
day_2048,3,0,0.09003581023878521
day_2048,3,0,0.2552950953443845
day_2048,3,0,0.2552950953443845
day_2048,3,0,0.11424529138538572
day_2048,3,0,0.4577732781569163
day_2048,3,0,0.45831341213650173
day_2048,3,0,0.16094603886206946
day_2048,3,0,0.57102699081103
day_2048,3,0,0.1040070690214634
day_2048,3,0,0.14103350871139103
day_2048,3,0,0.21141961216926575
day_2048,3,0,0.6627365681860182
day_2048,3,0,0.785774396525489
day_2048,3,0,0.28555306709474987
day_2048,3,0,0.2194858549369706
day_2048,3,0,0.624481177992291
day_2048,3,0,0.06116168387234211
day_2048,3,0,0.06116168387234211
day_2048,3,0,0.06559864473011759
day_2048,3,0,0.06418430101540354
day_2048,3,0,0.19036215709315407
day_2048,3,0,0.8172773453924391
day_2048,3,0,0.27452169524298775
day_2048,3,0,0.20966402524047428
day_2048,3,0,0.5472069217099084
day_2048,3,0,0.3804643874367078
day_2048,3,0,0.3660569091637929
day_2048,3,0,0.08794635534286499
day_2048,3,0,0.7194568713506063
day_2048,3,0,0.4826971623632643
day_2048,3,0,0.25127848693066174
day_2048,3,0,0.06418430101540354
day_2048,3,0,0.6075289845466614
day_2048,3,0,0.36037248704168534
day_2048,3,0,0.6635862390200297
day_2048,3,0,0.7126580542988248
day_2048,3,0,0.42057233221001095
day_2048,3,0,0.43787870473331875
day_2048,3,0,0.22511729184124205
day_2048,3,0,0.8006795578532748
day_2048,3,0,0.15700684818956587
day_2048,3,0,0.25463302847411895
day_2048,3,0,0.1816457427210278
day_2048,3,0,0.3660569091637929
day_2048,3,0,0.19003357075982624
day_2048,3,0,0.23247449348370233
day_2048,3,0,0.27452169524298775
day_2048,3,0,0.7130958305464851
day_2048,3,0,0.45317169692781234
day_2048,3,0,0.31931066926982665
day_2048,3,0,0.14414572343230247
day_2048,3,0,0.17958794203069475
day_2048,3,0,0.40565040045314366
day_2048,3,0,0.46494020687209237
day_2048,3,0,0.1332198845015632
day_2048,3,0,0.25699158840709263
day_2048,3,0,0.48281272914674545
day_2048,3,0,0.2925602826807234
day_2048,3,0,0.437975760963228
day_2048,3,0,0.36072635153929394
day_2048,3,0,0.21280381083488464
day_2048,3,0,0.6791112075249354
day_2048,3,0,0.21567246400647694
day_2048,3,0,0.11608212358421749
day_2048,3,0,0.26210761732525295
day_2048,3,0,0.28303661776913536
day_2048,3,0,0.08619952346715662
day_2048,3,0,0.5168268183867136
day_2048,3,0,0.4653405812051561
day_2048,3,0,0.40865952769915265
day_2048,3,0,0.3924282474650277
day_2048,3,0,0.224862246049775
day_2048,3,0,0.6030538413259718
day_2048,3,0,0.15991750773456362
day_2048,3,0,0.20839733050929177
day_2048,3,0,0.23698899646600088
day_2048,3,0,0.1824493809706635
day_2048,3,0,0.44426096147961086
day_2048,3,0,0.25003332561916775
day_2048,3,0,0.9027623335520426
day_2048,3,0,0.45456253819995457
day_2048,3,0,0.5818622145387862
day_2048,3,0,0.11608212358421749
day_2048,3,0,0.5713366998566521
day_2048,3,0,0.5306836995813582
day_2048,3,0,0.3748255670070648
day_2048,3,0,0.48105768528249526
day_2048,3,0,0.2794129037194782
day_2048,3,0,0.25141630073388416
day_2048,3,0,0.40683308078183067
day_2048,3,0,0.2519822385576036
day_2048,3,0,0.2953011708127128
day_2048,3,0,0.3583238356643253
day_2048,3,0,0.5150025255150266
day_2048,3,0,0.9041793545087179
day_2048,3,0,0.28411943713823956
day_2048,3,0,0.8818658656544156
day_2048,3,0,0.761031577984492
day_2048,3,0,0.5565894958045747
day_2048,3,0,0.497512764400906
day_2048,3,0,0.13494184530443615
day_2048,3,0,0.5132662504911423
day_2048,3,0,0.28449152244461906
day_2048,3,0,0.2328451391723421
day_2048,3,0,0.16835124956236946
day_2048,3,0,0.13494184530443615
day_2048,3,0,0.47264924976560807
day_2048,3,0,0.443439523379008
day_2048,3,0,0.31141071849399143
day_2048,3,0,0.6543504463301765
day_2048,3,0,0.629801955487993
day_2048,3,0,0.5889805787139468
day_2048,3,0,0.30794982943269944
day_2048,3,0,0.2759859412908554
day_2048,3,0,0.20194395879904428
day_2048,3,0,0.31944862256447476
day_2048,3,0,0.4782405760553148
day_2048,3,0,0.25369807746675277
day_2048,3,0,0.7621395919058058
day_2048,3,0,0.331757085190879
day_2048,3,0,0.23343679474459755
day_2048,3,0,0.17552747494644588
day_2048,3,0,0.13494184530443615
day_2048,3,0,0.1619603650437461
day_2048,3,0,0.23057960387733248
day_2048,3,0,0.4772179507546955
day_2048,3,0,0.28125883556074566
day_2048,3,0,0.25824913051393295
day_2048,3,0,0.35868848529126907
day_2048,3,0,0.7267366217242347
day_2048,3,0,0.466844509045283
day_2048,3,0,0.10606709660755263
day_2048,3,0,0.1532061497370402
day_2048,3,0,0.2727421257230971
day_2048,3,0,0.1620187188188235
day_2048,3,0,0.2448347815208965
day_2048,3,0,0.28768731156984967
day_2048,3,0,0.22710324658287895
day_2048,3,0,0.2064220905303955
day_2048,3,0,0.734946522447798
day_2048,3,0,0.3447420746088028
day_2048,3,0,0.3693934033314387
day_2048,3,0,0.12141056151853667
day_2048,3,0,0.3339181062248018
day_2048,3,0,0.20950288325548172
day_2048,3,0,0.45770712031258476
day_2048,3,0,0.11221102045642005
day_2048,3,0,0.45406537585788304
day_2048,3,0,0.46094421214527553
day_2048,3,0,0.3115743663575914
day_2048,3,0,0.35808466374874115
day_2048,3,0,0.31370820436212754
day_2048,3,0,0.3115743663575914
day_2048,3,0,0.34486906396018135
day_2048,3,0,0.23758633848693636
day_2048,3,0,0.23622797346777386
day_2048,3,0,0.2713155580891503
day_2048,3,0,0.7720906270874871
day_2048,3,0,0.2448347815208965
day_2048,3,0,0.5844428398542934
day_2048,3,0,0.4534615832898352
day_2048,3,0,0.11221102045642005
day_2048,3,0,0.44779414269659257
day_2048,3,0,0.20850130832857555
day_2048,3,0,0.4956595169173347
day_2048,3,0,0.24041425353950924
day_2048,3,0,0.7003172172440423
day_2048,3,0,0.3735553373893102
day_2048,3,0,0.08136380546622807
day_2048,3,0,0.4151567237244712
day_2048,3,0,0.20848924749427372
day_2048,3,0,0.33446289433373344
day_2048,3,0,0.8226901955074735
day_2048,3,0,0.34723810768789715
day_2048,3,0,0.42305070492956376
day_2048,3,0,0.7606413960456848
day_2048,3,0,0.45412152343326145
day_2048,3,0,0.5164461367660098
day_2048,3,0,0.17339864455991322
day_2048,3,0,0.4197107387913598
day_2048,3,0,0.7642560733689202
day_2048,3,0,0.4127003798882167
day_2048,3,0,0.6113235751787821
day_2048,3,0,0.4127003798882167
day_2048,3,0,0.4197107387913598
day_2048,3,0,0.4986131522390578
day_2048,3,0,0.48336118790838456
day_2048,3,0,0.21566574523846307
day_2048,3,0,0.07722122242881192
day_2048,3,0,0.2062331454621421
day_2048,3,0,0.8226901955074735
day_2048,3,0,0.7796044018533494
day_2048,3,0,0.4973018864790599
day_2048,3,0,0.4706224136882358
day_2048,3,0,0.3595742815070682
day_2048,3,0,0.4783572488360935
day_2048,3,0,0.4709431264135573
day_2048,3,0,0.21566574523846307
day_2048,3,0,0.5039832558896806
day_2048,3,0,0.8797701663441129
day_2048,3,0,0.5224543048275841
day_2048,3,0,0.4859304030736287
day_2048,3,0,0.5221731497181786
day_2048,3,0,0.43142719401253593
day_2048,3,0,0.2940596921576394
day_2048,3,0,0.5967851827541987
day_2048,3,0,0.25723658667670357
day_2048,3,0,0.36042331490251756
day_2048,3,0,0.6846121185355716
day_2048,3,0,0.41545573870340985
day_2048,3,0,0.13938520186477238
day_2048,3,0,0.31494539313846165
day_2048,3,0,0.1139919710242086
day_2048,3,0,0.45520200663142735
day_2048,3,0,0.7147820327017043
day_2048,3,0,0.7993996143341064
day_2048,3,0,0.12922494030661053
day_2048,3,0,0.38710858424504596
day_2048,3,0,0.40604788064956665
day_2048,3,0,0.338740607102712
day_2048,3,0,0.39972023997041917
day_2048,3,0,0.3118954317437278
day_2048,3,0,0.10769635852840212
day_2048,3,0,0.3969416783915626
day_2048,3,0,0.3191635393434101
day_2048,3,0,0.3106664932436413
day_2048,3,0,0.19493433170848423
day_2048,3,0,0.30823665857315063
day_2048,3,0,0.4731549289491441
day_2048,3,0,0.3972734957933426
day_2048,3,0,0.5686459243297577
day_2048,3,0,0.3067821131812202
day_2048,3,0,0.7186582088470459
day_2048,3,0,0.25275246798992157
day_2048,3,0,0.6027271449565887
day_2048,3,0,0.49907223714722526
day_2048,3,0,0.19054356382952797
day_2048,3,0,0.07684539175695843
day_2048,3,0,0.3522546738386154
day_2048,3,0,0.6514400045077006
day_2048,3,0,0.08328299990130796
day_2048,3,0,0.11473898548218939
day_2048,3,0,0.22621507280402714
day_2048,3,0,0.21443199697468016
day_2048,3,0,0.19298199481434292
day_2048,3,0,0.26166778306166333
day_2048,3,0,0.2548278106583489
day_2048,3,0,0.1947607638107406
day_2048,3,0,0.25887107849121094
day_2048,3,0,0.16775263514783648
day_2048,3,0,0.07993513138757811
day_2048,3,0,0.5957309007644653
day_2048,3,0,0.37017691052622265
day_2048,3,0,0.23227509359518686
day_2048,3,0,0.07817265888055165
day_2048,3,0,0.07698949881725842
day_2048,3,0,0.4455103443728553
day_2048,3,0,0.48365845282872516
day_2048,3,0,0.2569343199332555
day_2048,3,0,0.21601700451638964
day_2048,3,0,0.10452624865704113
day_2048,3,0,0.19037961959838867
day_2048,3,0,0.2730570253398683
day_2048,3,0,0.11473898548218939
day_2048,3,0,0.19660026994016436
day_2048,3,0,0.21367802884843615
day_2048,3,0,0.09040160932474667
day_2048,3,0,0.2628036157952415
day_2048,3,0,0.6620322896374596
day_2048,3,0,0.6121665636698405
day_2048,3,0,0.09040160932474667
day_2048,3,0,0.26217365513245267
day_2048,3,0,0.6621501180860732
day_2048,3,0,0.2485287090142568
day_2048,3,0,0.4260900682873196
day_2048,3,0,0.2548278106583489
day_2048,3,0,0.891021900706821
day_2048,3,0,0.19388022853268516
day_2048,3,0,0.24662233723534477
day_2048,3,0,0.40710068742434186
day_2048,3,0,0.22704629765616524
day_2048,3,0,0.21961129870679644
day_2048,3,0,0.2548430479235119
day_2048,3,0,0.29789017637570697
day_2048,3,0,0.6016733547051748
day_2048,3,0,0.5731157097551558
day_2048,3,0,0.2706581436925464
day_2048,3,0,0.571142229768965
day_2048,3,0,0.3406185971366035
day_2048,3,0,0.2592487517330382
day_2048,3,0,0.6222726967599657
day_2048,3,0,0.31916138860914445
day_2048,3,0,0.30173109140661025
day_2048,3,0,0.24993120547797945
day_2048,3,0,0.3176825824711058
day_2048,3,0,0.27338529626528424
day_2048,3,0,0.41835911406411064
day_2048,3,0,0.37924793031480575
day_2048,3,0,0.28593792186843026
day_2048,3,0,0.2649451941251755
day_2048,3,0,0.2771737277507782
day_2048,3,0,0.5608023968007829
day_2048,3,0,0.7530852556228638
day_2048,3,0,0.24615331325266096
day_2048,3,0,0.33306920528411865
day_2048,3,0,0.6251187059614394
day_2048,3,0,0.09251311586962806
day_2048,3,0,0.48349106642935014
day_2048,3,0,0.36331548459000057
day_2048,3,0,0.4166426675187217
day_2048,3,0,0.2606377767191993
day_2048,3,0,0.18237525473038355
day_2048,3,0,0.693231032954322
day_2048,3,0,0.2853648049963845
day_2048,3,0,0.7071383463011848
day_2048,3,0,0.21916687074634764
day_2048,3,0,0.8449787431293063
day_2048,3,0,0.7879877421591017
day_2048,3,0,0.3794460693995158
day_2048,3,0,0.6010862158404456
day_2048,3,0,0.5452604128254784
day_2048,3,0,0.7238104343414307
day_2048,3,0,0.25596309039327836
day_2048,3,0,0.22387498451603782
day_2048,3,0,0.4354107876618703
day_2048,3,0,0.09613584520088302
day_2048,3,0,0.6532843510309855
day_2048,3,0,0.29043907754951054
day_2048,3,0,0.5550513996018304
day_2048,3,0,0.5031996170679728
day_2048,3,0,0.22046666592359543
day_2048,3,0,0.4738745623164707
day_2048,3,0,0.2789791193273332
day_2048,3,0,0.5734762814309862
day_2048,3,0,0.2938137220011817
day_2048,3,0,0.6010395983854929
day_2048,3,0,0.12981856283214357
day_2048,3,0,0.689859237935808
day_2048,3,0,0.09613584520088302
day_2048,3,0,0.19259274668163723
day_2048,3,0,0.15999964541859096
day_2048,3,0,0.15889951090017954
day_2048,3,0,0.2242454687754313
day_2048,3,0,0.424463775422838
day_2048,3,0,0.23743837575117746
day_2048,3,0,0.41112712356779313
day_2048,3,0,0.6604275438520644
day_2048,3,0,0.3136700126859877
day_2048,3,0,0.4534314837720659
day_2048,3,0,0.25737885220183265
day_2048,3,0,0.12258216159211265
day_2048,3,0,0.15541342314746645
day_2048,3,0,0.5511984907918506
day_2048,3,0,0.14808805328276423
day_2048,3,0,0.2821189757022593
day_2048,3,0,0.1767959346373876
day_2048,3,0,0.5160651918914583
day_2048,3,0,0.06999110937532452
day_2048,3,0,0.12355930068426663
day_2048,3,0,0.06023288663062784
day_2048,3,0,0.3346201280752818
day_2048,3,0,0.14364869395891824
day_2048,3,0,0.6540334886974759
day_2048,3,0,0.6821576356887817
day_2048,3,0,0.13689710779322517
day_2048,3,0,0.24077316290802425
day_2048,3,0,0.2222011105881797
day_2048,3,0,0.258278279668755
day_2048,3,0,0.644635968738132
day_2048,3,0,0.5654669768280454
day_2048,3,0,0.4600038958920373
day_2048,3,0,0.3858245329724418
day_2048,3,0,0.0905625902944141
day_2048,3,0,0.051792425103485584
day_2048,3,0,0.12725552233556905
day_2048,3,0,0.4649091892772251
day_2048,3,0,0.5681465135680305
day_2048,3,0,0.576938678820928
day_2048,3,0,0.11370942700240347
day_2048,3,0,0.2994740828871727
day_2048,3,0,0.26301290425989365
day_2048,3,0,0.34058164060115814
day_2048,3,0,0.644635968738132
day_2048,3,0,0.5571408437358009
day_2048,3,0,0.5829521483845181
day_2048,3,0,0.12187307327985764
day_2048,3,0,0.4689571542872323
day_2048,3,0,0.092932370180885
day_2048,3,0,0.8336627615822686
day_2048,3,0,0.09209932055738237
day_2048,3,0,0.6201843818028768
day_2048,3,0,0.22895955542723337
day_2048,3,0,0.21516534023814732
day_2048,3,0,0.27728545831309426
day_2048,3,0,0.7058315210872226
day_2048,3,0,0.09464935006366836
day_2048,3,0,0.554465651512146
day_2048,3,0,0.7415779762797885
day_2048,3,0,0.2939913918574651
day_2048,3,0,0.3158811993069119
day_2048,3,0,0.0955975092947483
day_2048,3,0,0.09209932055738237
day_2048,3,0,0.31350536313321853
day_2048,3,0,0.09582496931155522
day_2048,3,0,0.0955975092947483
day_2048,3,0,0.22656403647528756
day_2048,3,0,0.46979597873157924
day_2048,3,0,0.1937776522503959
day_2048,3,0,0.4513048960102929
day_2048,3,0,0.7822487884097629
day_2048,3,0,0.3662070433298747
day_2048,3,0,0.6861220664448209
day_2048,3,0,0.3155276659462187
day_2048,3,0,0.0939819249841902
day_2048,3,0,0.09563687981830703
day_2048,3,0,0.5689004792107476
day_2048,3,0,0.8653998772303263
day_2048,3,0,0.10998876723978254
day_2048,3,0,0.20052624079916212
day_2048,3,0,0.10241342294547293
day_2048,3,0,0.31733140018251205
day_2048,3,0,0.8712534705797831
day_2048,3,0,0.7147291368908353
day_2048,3,0,0.1985593777563837
day_2048,3,0,0.09846973419189453
day_2048,3,0,0.644875297943751
day_2048,3,0,0.32620923469463986
day_2048,3,0,0.33988548980818856
day_2048,3,0,0.43638119101524353
day_2048,3,0,0.08086929863525762
day_2048,3,0,0.09447663691308764
day_2048,3,0,0.10610549069113201
day_2048,3,0,0.45601007839043933
day_2048,3,0,0.44460885061158073
day_2048,3,0,0.6040546695391337
day_2048,3,0,0.43455466959211564
day_2048,3,0,0.3693037960264418
day_2048,3,0,0.10539921952618493
day_2048,3,0,0.24913612835937077
day_2048,3,0,0.3257791151603063
day_2048,3,0,0.4248095154762268
day_2048,3,0,0.44631358318858677
day_2048,3,0,0.48700403836038375
day_2048,3,0,0.35333310067653656
day_2048,3,0,0.20813831521405113
day_2048,3,0,0.34498098989327747
day_2048,3,0,0.23674543450276056
day_2048,3,0,0.25726596845520866
day_2048,3,0,0.48115871018833584
day_2048,3,0,0.23054706388049656
day_2048,3,0,0.34688659177886116
day_2048,3,0,0.311323215564092
day_2048,3,0,0.13438990629381603
day_2048,3,0,0.23869970440864563
day_2048,3,0,0.22270388570096758
day_2048,3,0,0.08086929863525762
day_2048,3,0,0.4657969507906172
day_2048,3,0,0.644875297943751
day_2048,3,0,0.20525633047024408
day_2048,3,0,0.36554740866025287
day_2048,3,0,0.6333620183997684
day_2048,3,0,0.7046941585010953
day_2048,3,0,0.22939763383732903
day_2048,3,0,0.12225575910674201
day_2048,3,0,0.21170698354641596
day_2048,3,0,0.10221430949038929
day_2048,3,0,0.10775665856069988
day_2048,3,0,0.631983306672838
day_2048,3,0,0.10221430949038929
day_2048,3,0,0.35322558052010006
day_2048,3,0,0.786008722252316
day_2048,3,0,0.3021244837178124
day_2048,3,0,0.8850148320198059
day_2048,3,0,0.10221430949038929
day_2048,3,0,0.21170698354641596
day_2048,3,0,0.6668184399604797
day_2048,3,0,0.4854432890812556
day_2048,3,0,0.25361210604508716
day_2048,3,0,0.3154767586125268
day_2048,3,0,0.10221430949038929
day_2048,3,0,0.24509108728832668
day_2048,3,0,0.6847847368982103
day_2048,3,0,0.7881975836224027
day_2048,3,0,0.6503000126944648
day_2048,3,0,0.10221430949038929
day_2048,3,0,0.4125104645888011
day_2048,3,0,0.6995911730660332
day_2048,3,0,0.10221430949038929
day_2048,3,0,0.10221430949038929
day_2048,3,0,0.10221430949038929
day_2048,3,0,0.6203672173950407
day_2048,3,0,0.6728895968861051
day_2048,3,0,0.2981981949673759
day_2048,3,0,0.10221430949038929
day_2048,3,0,0.2664620363050037
day_2048,3,0,0.7391808099216886
day_2048,3,0,0.5876470241281722
day_2048,3,0,0.10221430949038929
day_2048,3,0,0.7432380384869046
day_2048,3,0,0.7208805150455899
day_2048,3,0,0.4254475235939026
day_2048,3,0,0.6554439928796556
day_2048,3,0,0.17526685777637693
day_2048,3,0,0.3173266483677758
day_2048,3,0,0.21995526552200317
day_2048,3,0,0.3861266209019555
day_2048,3,0,0.6384543048010932
day_2048,3,0,0.24590128660202026
day_2048,3,0,0.3965571208132638
day_2048,3,0,0.6031598713662889
day_2048,3,0,0.4204714530044132
day_2048,3,0,0.2925112843513489
day_2048,3,0,0.4501394298341539
day_2048,3,0,0.21368937111563152
day_2048,3,0,0.21730632417731816
day_2048,3,0,0.5610648228062524
day_2048,3,0,0.44144338369369507
day_2048,3,0,0.4372849530643887
day_2048,3,0,0.44889779885609943
day_2048,3,0,0.25643959310319686
day_2048,3,0,0.6123336123095618
day_2048,3,0,0.21311196188131967
day_2048,3,0,0.5586113499270545
day_2048,3,0,0.17064887781937918
day_2048,3,0,0.34622855484485626
day_2048,3,0,0.2614506623811192
day_2048,3,0,0.5914174516995748
day_2048,3,0,0.523808479309082
day_2048,3,0,0.2855486704243554
day_2048,3,0,0.47055206696192425
day_2048,3,0,0.4202580749988556
day_2048,3,0,0.16102956649329928
day_2048,3,0,0.5300398866335551
day_2048,3,0,0.3370503932237625
day_2048,3,0,0.16719698823160595
day_2048,3,0,0.20561926894717747
day_2048,3,0,0.6574155489603678
day_2048,3,0,0.22317832873927224
day_2048,3,0,0.6316755380895402
day_2048,3,0,0.4106134209367964
day_2048,3,0,0.22875570505857468
day_2048,3,0,0.5637406475014157
day_2048,3,0,0.36836039357715183
day_2048,3,0,0.5362584226661258
day_2048,3,0,0.254975905848874
day_2048,3,0,0.1210866142064333
day_2048,3,0,0.15324361042843926
day_2048,3,0,0.24459737870428297
day_2048,3,0,0.4939858317375183
day_2048,3,0,0.2937441435125139
day_2048,3,0,0.3667995399898953
day_2048,3,0,0.2429964774184757
day_2048,3,0,0.2539065894153383
day_2048,3,0,0.399399749106831
day_2048,3,0,0.71255823969841
day_2048,3,0,0.5601102742883894
day_2048,3,0,0.2588067369328605
day_2048,3,0,0.3123528692457411
day_2048,3,0,0.10414036528931724
day_2048,3,0,0.26710467868381077
day_2048,3,0,0.09805559077196652
day_2048,3,0,0.5402623017628988
day_2048,3,0,0.4967286106612947
day_2048,3,0,0.4118209779262543
day_2048,3,0,0.21011103855239022
day_2048,3,0,0.262860753469997
day_2048,3,0,0.23763713406191933
day_2048,3,0,0.5421841575039757
day_2048,3,0,0.2539638562334908
day_2048,3,0,0.29400544199678635
day_2048,3,0,0.36289406816164654
day_2048,3,0,0.4638325075308482
day_2048,3,0,0.638781037595537
day_2048,3,0,0.21458155744605595
day_2048,3,0,0.2307119071483612
day_2048,3,0,0.2307119071483612
day_2048,3,0,0.47083698709805805
day_2048,3,0,0.339519492453999
day_2048,3,0,0.300927812854449
day_2048,3,0,0.24535959131187862
day_2048,3,0,0.27102795077694786
day_2048,3,0,0.5312673697868983
day_2048,3,0,0.3974008725749122
day_2048,3,0,0.2796838912698958
day_2048,3,0,0.300927812854449
day_2048,3,0,0.36423526207606
day_2048,3,0,0.25039201478163403
day_2048,3,0,0.38730477293332416
day_2048,3,0,0.27102795077694786
day_2048,3,0,0.12137660094433361
day_2048,3,0,0.5767137308915457
day_2048,3,0,0.28017645080884296
day_2048,3,0,0.17390187250243294
day_2048,3,0,0.15744717005226347
day_2048,3,0,0.4273100296656291
day_2048,3,0,0.27832021647029453
day_2048,3,0,0.24785579989353815
day_2048,3,0,0.2893464399708642
day_2048,3,0,0.3289937608771854
day_2048,3,0,0.31050681074460346
day_2048,3,0,0.4151342428392834
day_2048,3,0,0.4036843743589189
day_2048,3,0,0.26297510580884087
day_2048,3,0,0.24433648337920508
day_2048,3,0,0.2539682537317276
day_2048,3,0,0.5083759923775991
day_2048,3,0,0.2893464399708642
day_2048,3,0,0.14833838161494997
day_2048,3,0,0.27592934171358746
day_2048,3,0,0.5777378612094455
day_2048,3,0,0.08175238283971946
day_2048,3,0,0.5647131204605103
day_2048,3,0,0.08175238283971946
day_2048,3,0,0.08175238283971946
day_2048,3,0,0.21388623118400574
day_2048,3,0,0.08175238283971946
day_2048,3,0,0.11136342419518365
day_2048,3,0,0.3649769276380539
day_2048,3,0,0.20563181903627184
day_2048,3,0,0.3697858171330558
day_2048,3,0,0.5141957269774543
day_2048,3,0,0.25595886674192214
day_2048,3,0,0.08175238283971946
day_2048,3,0,0.08175238283971946
day_2048,3,0,0.13585900101396772
day_2048,3,0,0.08175238283971946
day_2048,3,0,0.19362347862786716
day_2048,3,0,0.08175238283971946
day_2048,3,0,0.47946867015626693
day_2048,3,0,0.19239558859003913
day_2048,3,0,0.08175238283971946
day_2048,3,0,0.19589276529020733
day_2048,3,0,0.08175238283971946
day_2048,3,0,0.08175238283971946
day_2048,3,0,0.2534079576532046
day_2048,3,0,0.08175238283971946
day_2048,3,0,0.6631843679481082
day_2048,3,0,0.7176448371675279
day_2048,3,0,0.41663995219601524
day_2048,3,0,0.08175238283971946
day_2048,3,0,0.2262335005733702
day_2048,3,0,0.08175238283971946
day_2048,3,0,0.6203371352619595
day_2048,3,0,0.5833269291453891
day_2048,3,0,0.32573046121332383
day_2048,3,0,0.6092089778847165
day_2048,3,0,0.08175238283971946
day_2048,3,0,0.7102567023701138
day_2048,3,0,0.4259236289395226
day_2048,3,0,0.4530388613541921
day_2048,3,0,0.32430459062258404
day_2048,3,0,0.6608930892414517
day_2048,3,0,0.20383405850993264
day_2048,3,0,0.37094607949256897
day_2048,3,0,0.3730861966808637
day_2048,3,0,0.2636903060807122
day_2048,3,0,0.29447943303320145
day_2048,3,0,0.5306303302447001
day_2048,3,0,0.2677702357371648
day_2048,3,0,0.19629651432236037
day_2048,3,0,0.3317713704374101
day_2048,3,0,0.16870485577318403
day_2048,3,0,0.3430577599340015
day_2048,3,0,0.5413093997372521
day_2048,3,0,0.3211294462283452
day_2048,3,0,0.3177432318528493
day_2048,3,0,0.6763322618272569
day_2048,3,0,0.6178963945971595
day_2048,3,0,0.4273029367129008
day_2048,3,0,0.5401323752270805
day_2048,3,0,0.3317713704374101
day_2048,3,0,0.3397555781735314
day_2048,3,0,0.6384483906957839
day_2048,3,0,0.2820863442288505
day_2048,3,0,0.7704952889018588
day_2048,3,0,0.3071998722023434
day_2048,3,0,0.579494340552224
day_2048,3,0,0.6240913470586141
day_2048,3,0,0.5510260462760925
day_2048,3,0,0.15953041364749274
day_2048,3,0,0.5964387853940328
day_2048,3,0,0.12337696303923924
day_2048,3,0,0.20383405850993264
day_2048,3,0,0.33643562429481083
day_2048,3,0,0.600340442525016
day_2048,3,0,0.6145900156762865
day_2048,3,0,0.2874763425853517
day_2048,3,0,0.598411093155543
day_2048,3,0,0.36657452914449906
day_2048,3,0,0.369219904144605
day_2048,3,0,0.5464100572797987
day_2048,3,0,0.5129313369592031
day_2048,3,0,0.3787541157669491
day_2048,3,0,0.15618445351719856
day_2048,3,0,0.7627511554294162
day_2048,3,0,0.10764716441432635
day_2048,3,0,0.10764716441432635
day_2048,3,0,0.33159786959489185
day_2048,3,0,0.22625438703431022
day_2048,3,0,0.22547775093052122
day_2048,3,0,0.10764716441432635
day_2048,3,0,0.7704140212800767
day_2048,3,0,0.6901200082567003
day_2048,3,0,0.10764716441432635
day_2048,3,0,0.7143275472852919
day_2048,3,0,0.33525925212436253
day_2048,3,0,0.32869355546103585
day_2048,3,0,0.35427070657412213
day_2048,3,0,0.7074181040128072
day_2048,3,0,0.33217029604646897
day_2048,3,0,0.15618445351719856
day_2048,3,0,0.7074181040128072
day_2048,3,0,0.9058391981654697
day_2048,3,0,0.3754001524713304
day_2048,3,0,0.16546079681979287
day_2048,3,0,0.5611501998371549
day_2048,3,0,0.3873945027589798
day_2048,3,0,0.4150254726409912
day_2048,3,0,0.6872107618384891
day_2048,3,0,0.12567639847596487
day_2048,3,0,0.6184132297833761
day_2048,3,0,0.3959631356928084
day_2048,3,0,0.2506468432645003
day_2048,3,0,0.4587218761444092
day_2048,3,0,0.34487849556737477
day_2048,3,0,0.43061650958326125
day_2048,3,0,0.3839217122230265
day_2048,3,0,0.2169705339603954
day_2048,3,0,0.31167467269632554
day_2048,3,0,0.1714397238360511
day_2048,3,0,0.3716639495558209
day_2048,3,0,0.15690344696243605
day_2048,3,0,0.46304557389683193
day_2048,3,0,0.2694835878080792
day_2048,3,0,0.38856353362401325
day_2048,3,0,0.7178933951589797
day_2048,3,0,0.5638737512959374
day_2048,3,0,0.11603911345203717
day_2048,3,0,0.11677387894855605
day_2048,3,0,0.4523565885093477
day_2048,3,0,0.5962709387143453
day_2048,3,0,0.4705498781469133
day_2048,3,0,0.24647924304008484
day_2048,3,0,0.2501758916510476
day_2048,3,0,0.6534862832890617
day_2048,3,0,0.3935761931869719
day_2048,3,0,0.36762555771403843
day_2048,3,0,0.5462510916921828
day_2048,3,0,0.11459167384439045
day_2048,3,0,0.33519986768563587
day_2048,3,0,0.3686613357729382
day_2048,3,0,0.37017666631274754
day_2048,3,0,0.2283379700448778
day_2048,3,0,0.5707692917850282
day_2048,3,0,0.1658553183078766
day_2048,3,0,0.19450279242462581
day_2048,3,0,0.17952821424437893
day_2048,3,0,0.177503093249268
day_2048,3,0,0.34840916593869525
day_2048,3,0,0.10016984451148245
day_2048,3,0,0.3803193403614892
day_2048,3,0,0.4506358355283737
day_2048,3,0,0.5935218897130754
day_2048,3,0,0.453829073243671
day_2048,3,0,0.29645319448577034
day_2048,3,0,0.6867082118988037
day_2048,3,0,0.421939202480846
day_2048,3,0,0.4809755153126187
day_2048,3,0,0.42515171733167434
day_2048,3,0,0.8259607553482056
day_2048,3,0,0.37125677201482987
day_2048,3,0,0.40638383891847396
day_2048,3,0,0.6133473945988549
day_2048,3,0,0.3984072920348909
day_2048,3,0,0.07798378107448418
day_2048,3,0,0.15603633970022202
day_2048,3,0,0.6223080257574717
day_2048,3,0,0.2771659592787425
day_2048,3,0,0.23421181738376617
day_2048,3,0,0.3306929137971666
day_2048,3,0,0.1717003517680698
day_2048,3,0,0.7450375821855333
day_2048,3,0,0.5820046034124162
day_2048,3,0,0.13039339499341118
day_2048,3,0,0.48305797576904297
day_2048,3,0,0.40353673365381026
day_2048,3,0,0.6523473262786865
day_2048,3,0,0.13400542611877123
day_2048,3,0,0.3249734077188704
day_2048,3,0,0.4469841652446323
day_2048,3,0,0.41531845596101546
day_2048,3,0,0.7499327394697402
day_2048,3,0,0.3688053356276618
day_2048,3,0,0.37226925293604535
day_2048,3,0,0.2515492058462567
day_2048,3,0,0.47038140561845565
day_2048,3,0,0.15043697878718376
day_2048,3,0,0.5315347015857697
day_2048,3,0,0.5363672458463244
day_2048,3,0,0.3326483799351586
day_2048,3,0,0.14576617628335953
day_2048,3,0,0.13597948021358913
day_2048,3,0,0.4470757279131148
day_2048,3,0,0.10167877583040132
day_2048,3,0,0.08335048808819717
day_2048,3,0,0.1432683062222269
day_2048,3,0,0.09317614883184433
day_2048,3,0,0.45524488886197406
day_2048,3,0,0.14098083641793993
day_2048,3,0,0.4532453583346473
day_2048,3,0,0.6920641859372457
day_2048,3,0,0.07836986208955447
day_2048,3,0,0.08224398063288794
day_2048,3,0,0.11680097795195049
day_2048,3,0,0.19134991822971237
day_2048,3,0,0.071783770289686
day_2048,3,0,0.1597659248444769
day_2048,3,0,0.4470757279131148
day_2048,3,0,0.1311446929143535
day_2048,3,0,0.5075014018350177
day_2048,3,0,0.15522677327195802
day_2048,3,0,0.0833900041050381
day_2048,3,0,0.07554447982046339
day_2048,3,0,0.10670674592256546
day_2048,3,0,0.1297961390680737
day_2048,3,0,0.13597948021358913
day_2048,3,0,0.33042434768544304
day_2048,3,0,0.6329040990935432
day_2048,3,0,0.33042434768544304
day_2048,3,0,0.11315137479040357
day_2048,3,0,0.08281413175993496
day_2048,3,0,0.07476413249969482
day_2048,3,0,0.511518700255288
day_2048,3,0,0.2274238152636422
day_2048,3,0,0.5150666998492347
day_2048,3,0,0.3389572898546855
day_2048,3,0,0.27052689923180473
day_2048,3,0,0.37110743754439884
day_2048,3,0,0.41263367897934383
day_2048,3,0,0.15128095779154035
day_2048,3,0,0.34878894686698914
day_2048,3,0,0.36924611694282955
day_2048,3,0,0.4114825526873271
day_2048,3,0,0.30061273607942796
day_2048,3,0,0.29374244312445325
day_2048,3,0,0.6085713538858626
day_2048,3,0,0.5010044144259559
day_2048,3,0,0.2705628987815645
day_2048,3,0,0.24347767068280113
day_2048,3,0,0.3749648398823208
day_2048,3,0,0.4171602129936218
day_2048,3,0,0.3205970525741577
day_2048,3,0,0.29965024027559495
day_2048,3,0,0.1290630441572931
day_2048,3,0,0.46694895293977523
day_2048,3,0,0.420411874850591
day_2048,3,0,0.4418360971742206
day_2048,3,0,0.43840645253658295
day_2048,3,0,0.3813561143146621
day_2048,3,0,0.359597310423851
day_2048,3,0,0.3389572898546855
day_2048,3,0,0.40209536751111347
day_2048,3,0,0.4318291064765718
day_2048,3,0,0.3229796936114629
day_2048,3,0,0.39433339569303727
day_2048,3,0,0.3497510933213764
day_2048,3,0,0.5437629918257395
day_2048,3,0,0.5568072067366706
day_2048,3,0,0.4278514203098085
day_2048,3,0,0.5104644861486223
day_2048,3,0,0.3089331239461899
day_2048,3,0,0.46692437595791286
day_2048,3,0,0.29237019187874264
day_2048,3,0,0.2562198258108563
day_2048,3,0,0.4649164395199882
day_2048,3,0,0.49111127522256637
day_2048,3,0,0.3775205628739463
day_2048,3,0,0.5008562107880911
day_2048,3,0,0.10917223493258159
day_2048,3,0,0.5002010530895658
day_2048,3,0,0.3059962060716417
day_2048,3,0,0.47569647431373596
day_2048,3,0,0.28062710331545937
day_2048,3,0,0.28259900791777504
day_2048,3,0,0.41434618168407017
day_2048,3,0,0.3262487616803911
day_2048,3,0,0.6117429104116228
day_2048,3,0,0.25835615893205005
day_2048,3,0,0.4703889489173889
day_2048,3,0,0.40112456017070347
day_2048,3,0,0.10106979393296772
day_2048,3,0,0.37564657628536224
day_2048,3,0,0.5315402117040422
day_2048,3,0,0.39958619078000385
day_2048,3,0,0.3635605076948802
day_2048,3,0,0.50611921482616
day_2048,3,0,0.5628760589493645
day_2048,3,0,0.3168395045730803
day_2048,3,0,0.29756741722424823
day_2048,3,0,0.3234330034918255
day_2048,3,0,0.18086200041903389
day_2048,3,0,0.6447502308421664
day_2048,3,0,0.30006134344471824
day_2048,3,0,0.2605784758925438
day_2048,3,0,0.1341271781259113
day_2048,3,0,0.37972533371713424
day_2048,3,0,0.15903912153508928
day_2048,3,0,0.4517662955654992
day_2048,3,0,0.19635966337389416
day_2048,3,0,0.7476463185416328
day_2048,3,0,0.6580847038163079
day_2048,3,0,0.4256235543224547
day_2048,3,0,0.7037161919805739
day_2048,3,0,0.35513798064655727
day_2048,3,0,0.4811263614230686
day_2048,3,0,0.32598889205190873
day_2048,3,0,0.16993929197390875
day_2048,3,0,0.14325524701012504
day_2048,3,0,0.596101807223426
day_2048,3,0,0.6636834210819669
day_2048,3,0,0.6250453723801507
day_2048,3,0,0.2624024881256951
day_2048,3,0,0.38898491362730664
day_2048,3,0,0.5038595332039727
day_2048,3,0,0.4515035284890069
day_2048,3,0,0.7454070780012343
day_2048,3,0,0.6164595418506198
day_2048,3,0,0.22950629393259683
day_2048,3,0,0.7103642622629801
day_2048,3,0,0.24232591854201424
day_2048,3,0,0.3872720847527186
day_2048,3,0,0.2884780665238698
day_2048,3,0,0.09091590262121624
day_2048,3,0,0.699450671672821
day_2048,3,0,0.3710756086640888
day_2048,3,0,0.37763765785429215
day_2048,3,0,0.666563438044654
day_2048,3,0,0.2999001228147083
day_2048,3,0,0.7014996806780497
day_2048,3,0,0.2864423973692788
day_2048,3,0,0.37901002665360767
day_2048,3,0,0.25659900738133323
day_2048,3,0,0.7648385034667121
day_2048,3,0,0.28457729352845085
day_2048,3,0,0.7548451754781935
day_2048,3,0,0.592289623286989
day_2048,3,0,0.5115433004167345
day_2048,3,0,0.6310500337017907
day_2048,3,0,0.5136152240965102
day_2048,3,0,0.3221266642212868
day_2048,3,0,0.4704526364803314
day_2048,3,0,0.25399917364120483
day_2048,3,0,0.47007496489418876
day_2048,3,0,0.4973953862984975
day_2048,3,0,0.16052874674399695
day_2048,3,0,0.48615055945184493
day_2048,3,0,0.41066400210062665
day_2048,3,0,0.09470556841956244
day_2048,3,0,0.5250764770640267
day_2048,3,0,0.5370903412501017
day_2048,3,0,0.26648980213536155
day_2048,3,0,0.5413099692927467
day_2048,3,0,0.11725653873549567
day_2048,3,0,0.34373246961169773
day_2048,3,0,0.28161508507198757
day_2048,3,0,0.38267233471075696
day_2048,3,0,0.23759201251798207
day_2048,3,0,0.4921618700027466
day_2048,3,0,0.24778875211874643
day_2048,3,0,0.13877818319532606
day_2048,3,0,0.24503852013084623
day_2048,3,0,0.3459898895687527
day_2048,3,0,0.3021449148654938
day_2048,3,0,0.07449576548404163
day_2048,3,0,0.07449576548404163
day_2048,3,0,0.4836440152592129
day_2048,3,0,0.6097725398010678
day_2048,3,0,0.29379628433121574
day_2048,3,0,0.18130681912104288
day_2048,3,0,0.3876147121191025
day_2048,3,0,0.3865903185473548
day_2048,3,0,0.3865903185473548
day_2048,3,0,0.3865903185473548
day_2048,3,0,0.3865903185473548
day_2048,3,0,0.3865903185473548
day_2048,3,0,0.3865903185473548
day_2048,3,0,0.3865903185473548
day_2048,3,0,0.39664579100079006
day_2048,3,0,0.3865903185473548
day_2048,3,0,0.3865903185473548
day_2048,3,0,0.3865903185473548
day_2048,3,0,0.3865903185473548
day_2048,3,0,0.3865903185473548
day_2048,3,0,0.3865903185473548
day_2048,3,0,0.3808446443743176
day_2048,3,0,0.3865903185473548
day_2048,3,0,0.3865903185473548
day_2048,3,0,0.3865903185473548
day_2048,3,0,0.3865903185473548
day_2048,3,0,0.3865903185473548
day_2048,3,0,0.3865903185473548
day_2048,3,0,0.3865903185473548
day_2048,3,0,0.3800218602021535
day_2048,3,0,0.4383903725279702
day_2048,3,0,0.6305664479732513
day_2048,3,0,0.3865903185473548
day_2048,3,0,0.3865903185473548
day_2048,3,0,0.3865903185473548
day_2048,3,0,0.3865903185473548
day_2048,3,0,0.3865903185473548
day_2048,3,0,0.4186263084411621
day_2048,3,0,0.42848919497595894
day_2048,3,0,0.3865903185473548
day_2048,3,0,0.3865903185473548
day_2048,3,0,0.3865903185473548
day_2048,3,0,0.3865903185473548
day_2048,3,0,0.3865903185473548
day_2048,3,0,0.08085590228438377
day_2048,3,0,0.6622567839092679
day_2048,3,0,0.14033722463581297
day_2048,3,0,0.40313833289676243
day_2048,3,0,0.6515641477372911
day_2048,3,0,0.6578646997610728
day_2048,3,0,0.5192441857523389
day_2048,3,0,0.5361110435591804
day_2048,3,0,0.1718899110953013
day_2048,3,0,0.27842249017622733
day_2048,3,0,0.4850495689445072
day_2048,3,0,0.21812393764654794
day_2048,3,0,0.05928336621986495
day_2048,3,0,0.28536992106172776
day_2048,3,0,0.5096806751357185
day_2048,3,0,0.08283584151003096
day_2048,3,0,0.059651296171877116
day_2048,3,0,0.16159577502144706
day_2048,3,0,0.06016937933034367
day_2048,3,0,0.05928336621986495
day_2048,3,0,0.13702360292275748
day_2048,3,0,0.25655196607112885
day_2048,3,0,0.2836017823881573
day_2048,3,0,0.07925593273507224
day_2048,3,0,0.17897011091311774
day_2048,3,0,0.07693189196288586
day_2048,3,0,0.14431345793935987
day_2048,3,0,0.09009273971120517
day_2048,3,0,0.14431345793935987
day_2048,3,0,0.7130925059318542
day_2048,3,0,0.12778063615163168
day_2048,3,0,0.07281178173919518
day_2048,3,0,0.14906597468588087
day_2048,3,0,0.7100283238622878
day_2048,3,0,0.7270139091544681
day_2048,3,0,0.6927346653408475
day_2048,3,0,0.7777438561121622
day_2048,3,0,0.184482148124112
day_2048,3,0,0.541295329729716
day_2048,3,0,0.15238077607419756
day_2048,3,0,0.08940514549612999
day_2048,3,0,0.25668948971562916
day_2048,3,0,0.6297831800248888
day_2048,3,0,0.26127087821563083
day_2048,3,0,0.40636062290933395
day_2048,3,0,0.7018433147006564
day_2048,3,0,0.5209314525127411
day_2048,3,0,0.5152238243156009
day_2048,3,0,0.7921742531988356
day_2048,3,0,0.4168363180425432
day_2048,3,0,0.2558477156692081
day_2048,3,0,0.0594300241726968
day_2048,3,0,0.19982731507884133
day_2048,3,0,0.5583440628316667
day_2048,3,0,0.20372182213597828
day_2048,3,0,0.7071989840931363
day_2048,3,0,0.4168363180425432
day_2048,3,0,0.1380376716454824
day_2048,3,0,0.5252215498023562
day_2048,3,0,0.5296179917123582
day_2048,3,0,0.5434611704614427
day_2048,3,0,0.505103717247645
day_2048,3,0,0.5225283834669325
day_2048,3,0,0.0594300241726968
day_2048,3,0,0.17908717195192972
day_2048,3,0,0.5240629067023596
day_2048,3,0,0.5254133111900754
day_2048,3,0,0.45810190174314713
day_2048,3,0,0.20044532583819497
day_2048,3,0,0.1914808621837033
day_2048,3,0,0.24390999310546452
day_2048,3,0,0.6993290980656942
day_2048,3,0,0.4168363180425432
day_2048,3,0,0.5120090014404721
day_2048,3,0,0.06065695650047726
day_2048,3,0,0.10359443786243598
day_2048,3,0,0.060215441096160144
day_2048,3,0,0.4661971744563844
day_2048,3,0,0.3717638767427868
day_2048,3,0,0.10408584256139067
day_2048,3,0,0.09843737124982807
day_2048,3,0,0.4261109580596288
day_2048,3,0,0.05282923889656862
day_2048,3,0,0.12785668008857304
day_2048,3,0,0.4478897617922889
day_2048,3,0,0.4434474938445621
day_2048,3,0,0.20503981908162436
day_2048,3,0,0.10864948481321335
day_2048,3,0,0.1544907403488954
day_2048,3,0,0.22570053819153044
day_2048,3,0,0.09853456479807694
day_2048,3,0,0.08425919173492326
day_2048,3,0,0.48609798815515304
day_2048,3,0,0.06946873085366355
day_2048,3,0,0.07594401948153973
day_2048,3,0,0.03983881417661905
day_2048,3,0,0.10696582454774115
day_2048,3,0,0.08385297014481491
day_2048,3,0,0.10529498031569852
day_2048,3,0,0.050922296941280365
day_2048,3,0,0.14439751621749666
day_2048,3,0,0.49617910716268754
day_2048,3,0,0.12441241906748877
day_2048,3,0,0.5489987366729312
day_2048,3,0,0.5000306169191996
day_2048,3,0,0.6912289924091763
day_2048,3,0,0.30812837349043953
day_2048,3,0,0.04602805028359095
day_2048,3,0,0.12441050695876281
day_2048,3,0,0.5201834804481931
day_2048,3,0,0.37146325078275466
day_2048,3,0,0.5157759586970011
day_2048,3,0,0.41628361079427934
day_2048,3,0,0.4263925353686015
day_2048,3,0,0.13724989775154325
day_2048,3,0,0.5690671073065864
day_2048,3,0,0.3238915618922975
day_2048,3,0,0.3513285120328267
day_2048,3,0,0.7372001939349704
day_2048,3,0,0.6297611130608453
day_2048,3,0,0.4086687895986769
day_2048,3,0,0.20690500156746972
day_2048,3,0,0.5860360165437063
day_2048,3,0,0.5106370978885226
day_2048,3,0,0.11972058274679714
day_2048,3,0,0.47847890357176465
day_2048,3,0,0.1642589130335384
day_2048,3,0,0.43083242575327557
day_2048,3,0,0.2762666592995326
day_2048,3,0,0.3289743463198344
day_2048,3,0,0.4086687895986769
day_2048,3,0,0.42313752737310195
day_2048,3,0,0.802390906545851
day_2048,3,0,0.2708720349603229
day_2048,3,0,0.11972058274679714
day_2048,3,0,0.40355459186765885
day_2048,3,0,0.4862850175963508
day_2048,3,0,0.44818663265970016
day_2048,3,0,0.11972058274679714
day_2048,3,0,0.3054393099413978
day_2048,3,0,0.3600135263469484
day_2048,3,0,0.3705320656299591
day_2048,3,0,0.11972058274679714
day_2048,3,0,0.26275185743967694
day_2048,3,0,0.31431352347135544
day_2048,3,0,0.20690500156746972
day_2048,3,0,0.6976495914989047
day_2048,3,0,0.5579310291343265
day_2048,3,0,0.5049256417486403
day_2048,3,0,0.29035552508301204
day_2048,3,0,0.43792909052636886
day_2048,3,0,0.5517149137126075
day_2048,3,0,0.29752374895744854
day_2048,3,0,0.3311459289656745
day_2048,3,0,0.6293800539440579
day_2048,3,0,0.45095016558965045
day_2048,3,0,0.42436663972006905
day_2048,3,0,0.2073484965496593
day_2048,3,0,0.3881319529480404
day_2048,3,0,0.22432134155597952
day_2048,3,0,0.38043110569318134
day_2048,3,0,0.5324486096700033
day_2048,3,0,0.6310162246227264
day_2048,3,0,0.08387609529826376
day_2048,3,0,0.33949626485506695
day_2048,3,0,0.14053774045573342
day_2048,3,0,0.25771335264046985
day_2048,3,0,0.3044477105140686
day_2048,3,0,0.10058062399427097
day_2048,3,0,0.34981893996397656
day_2048,3,0,0.3945237398147583
day_2048,3,0,0.17903805524110794
day_2048,3,0,0.24305141965548197
day_2048,3,0,0.4120643635590871
day_2048,3,0,0.3712032404210832
day_2048,3,0,0.24529964145686892
day_2048,3,0,0.5517149137126075
day_2048,3,0,0.20998127220405471
day_2048,3,0,0.4223301476902432
day_2048,3,0,0.5102249317699008
day_2048,3,0,0.41892682678169674
day_2048,3,0,0.44661365697781247
day_2048,3,0,0.21164890047576693
day_2048,3,0,0.46666228771209717
day_2048,3,0,0.2332877806491322
day_2048,3,0,0.47335556149482727
day_2048,3,0,0.1390152805381351
day_2048,3,0,0.500262611442142
day_2048,3,0,0.12694020900461409
day_2048,3,0,0.09934850906332333
day_2048,3,0,0.13442206962241066
day_2048,3,0,0.062039547289411225
day_2048,3,0,0.05199227099203401
day_2048,3,0,0.21645869231886333
day_2048,3,0,0.48716121249728733
day_2048,3,0,0.5117338597774506
day_2048,3,0,0.2974848316775428
day_2048,3,0,0.17041350156068802
day_2048,3,0,0.4200904932287004
day_2048,3,0,0.48716121249728733
day_2048,3,0,0.17833854258060455
day_2048,3,0,0.18765298856629264
day_2048,3,0,0.07805162088738547
day_2048,3,0,0.7241224249204
day_2048,3,0,0.10303946667247349
day_2048,3,0,0.12875498086214066
day_2048,3,0,0.6461456947856479
day_2048,3,0,0.2197611497508155
day_2048,3,0,0.08413164731529024
day_2048,3,0,0.5989885495768653
day_2048,3,0,0.3444151042236222
day_2048,3,0,0.15370073541998863
day_2048,3,0,0.1516887607673804
day_2048,3,0,0.10303946667247349
day_2048,3,0,0.2197611497508155
day_2048,3,0,0.08386838063597679
day_2048,3,0,0.14321635394460625
day_2048,3,0,0.055461142833034195
day_2048,3,0,0.10059226904478338
day_2048,3,0,0.09217551433377796
day_2048,3,0,0.6057260036468506
day_2048,3,0,0.09934850906332333
day_2048,3,0,0.1867615067296558
day_2048,3,0,0.5331151352988349
day_2048,3,0,0.22836839076545504
day_2048,3,0,0.7250812384817336
day_2048,3,0,0.4148863951365153
day_2048,3,0,0.4590715534157223
day_2048,3,0,0.2406856185860104
day_2048,3,0,0.2851578543583552
day_2048,3,0,0.6847931875122918
day_2048,3,0,0.18444422715240055
day_2048,3,0,0.22137155301041073
day_2048,3,0,0.5061925715870328
day_2048,3,0,0.5806672076384226
day_2048,3,0,0.4526619182692634
day_2048,3,0,0.39819352328777313
day_2048,3,0,0.5144529508219825
day_2048,3,0,0.18471565345923105
day_2048,3,0,0.32064348459243774
day_2048,3,0,0.2345903275741471
day_2048,3,0,0.10687636045946015
day_2048,3,0,0.5562541385491689
day_2048,3,0,0.4153459436363644
day_2048,3,0,0.6502153608534071
day_2048,3,0,0.11503697103924221
day_2048,3,0,0.5902771419949002
day_2048,3,0,0.1532038106686539
day_2048,3,0,0.3651413751973046
day_2048,3,0,0.21801097525490654
day_2048,3,0,0.1994305807683203
day_2048,3,0,0.4935653673277961
day_2048,3,0,0.3039294299152162
day_2048,3,0,0.1782076077328788
day_2048,3,0,0.5226693318949805
day_2048,3,0,0.10303361631102032
day_2048,3,0,0.22843846182028452
day_2048,3,0,0.7596684495608012
day_2048,3,0,0.235220053129726
day_2048,3,0,0.19640742159552044
day_2048,3,0,0.6669282250934176
day_2048,3,0,0.4507023360994127
day_2048,3,0,0.0651878538644976
day_2048,3,0,0.4496900836626689
day_2048,3,0,0.1848479091293282
day_2048,3,0,0.5986915230751038
day_2048,3,0,0.5845303932825724
day_2048,3,0,0.36355850100517273
day_2048,3,0,0.15747781304849517
day_2048,3,0,0.4620235396756066
day_2048,3,0,0.5857300261656443
day_2048,3,0,0.18550670312510598
day_2048,3,0,0.13992206917868721
day_2048,3,0,0.2858184576034546
day_2048,3,0,0.33482566310299766
day_2048,3,0,0.6198236478699578
day_2048,3,0,0.2708083987236023
day_2048,3,0,0.3849007884661357
day_2048,3,0,0.6749826868375143
day_2048,3,0,0.554824196630054
day_2048,3,0,0.5351194242636362
day_2048,3,0,0.17068975480894247
day_2048,3,0,0.206739136742221
day_2048,3,0,0.554824196630054
day_2048,3,0,0.49861183762550354
day_2048,3,0,0.17198936930961078
day_2048,3,0,0.2858184576034546
day_2048,3,0,0.2947356402873993
day_2048,3,0,0.33966173893875545
day_2048,3,0,0.10425901371571752
day_2048,3,0,0.4396951496601105
day_2048,3,0,0.1829484129945437
day_2048,3,0,0.36125191383891636
day_2048,3,0,0.6669282250934176
day_2048,3,0,0.24062116030189726
day_2048,3,0,0.2727233229411973
day_2048,3,0,0.3355119592613644
day_2048,3,0,0.48304184277852374
day_2048,3,0,0.32502689792050254
day_2048,3,0,0.15214909654524592
day_2048,3,0,0.18331545177433226
day_2048,3,0,0.713479631476932
day_2048,3,0,0.3017701564563645
day_2048,3,0,0.3759097109238307
day_2048,3,0,0.27690934307045406
day_2048,3,0,0.42208872238794964
day_2048,3,0,0.22841897937986586
day_2048,3,0,0.29037867652045357
day_2048,3,0,0.07227447484102514
day_2048,3,0,0.30969661805364823
day_2048,3,0,0.12256468998061286
day_2048,3,0,0.32006745371553635
day_2048,3,0,0.3681367337703705
day_2048,3,0,0.6537911428345574
day_2048,3,0,0.20036397460434172
day_2048,3,0,0.7518344190385606
day_2048,3,0,0.3628951973385281
day_2048,3,0,0.3690972212288115
day_2048,3,0,0.39513736300998265
day_2048,3,0,0.46932470467355514
day_2048,3,0,0.6521756748358408
day_2048,3,0,0.88679082526101
day_2048,3,0,0.2028760015964508
day_2048,3,0,0.6239776412645975
day_2048,3,0,0.4803830020957523
day_2048,3,0,0.24848642945289612
day_2048,3,0,0.39091242684258354
day_2048,3,0,0.27591416074170005
day_2048,3,0,0.4308737698528502
day_2048,3,0,0.4381580419010586
day_2048,3,0,0.45084910260306466
day_2048,3,0,0.43236880501111347
day_2048,3,0,0.25844812558756936
day_2048,3,0,0.08930024380485217
day_2048,3,0,0.05601662345644501
day_2048,3,0,0.07872785069048405
day_2048,3,0,0.06874831972850694
day_2048,3,0,0.6379727058940463
day_2048,3,0,0.05601662345644501
day_2048,3,0,0.03817655725611581
day_2048,3,0,0.05725841731246975
day_2048,3,0,0.04192189065118631
day_2048,3,0,0.10885348129603598
day_2048,3,0,0.4266931778854794
day_2048,3,0,0.04251070786267519
day_2048,3,0,0.5186331735716926
day_2048,3,0,0.05725841731246975
day_2048,3,0,0.040679259018765554
day_2048,3,0,0.13305287497738996
day_2048,3,0,0.44530675146314835
day_2048,3,0,0.13305287497738996
day_2048,3,0,0.04192189065118631
day_2048,3,0,0.05601662345644501
day_2048,3,0,0.6379727058940463
day_2048,3,0,0.08864725546704398
day_2048,3,0,0.11275424808263779
day_2048,3,0,0.44530675146314835
day_2048,3,0,0.04119225601769156
day_2048,3,0,0.07967051160004404
day_2048,3,0,0.11980743375089434
day_2048,3,0,0.08391404379573134
day_2048,3,0,0.10885348129603598
day_2048,3,0,0.06900407249728839
day_2048,3,0,0.07967051160004404
day_2048,3,0,0.07967051160004404
day_2048,3,0,0.5517874724335141
day_2048,3,0,0.06874831972850694
day_2048,3,0,0.06874831972850694
day_2048,3,0,0.040679259018765554
day_2048,3,0,0.06874831972850694
day_2048,3,0,0.4888253112634023
day_2048,3,0,0.606212662325965
day_2048,3,0,0.7195491194725037
day_2048,3,0,0.23445562604400846
day_2048,3,0,0.08369723500476943
day_2048,3,0,0.24756675296359593
day_2048,3,0,0.559076170126597
day_2048,3,0,0.46584831674893695
day_2048,3,0,0.6808598041534424
day_2048,3,0,0.6843823989232382
day_2048,3,0,0.5525108509593539
day_2048,3,0,0.2804117765691545
day_2048,3,0,0.6078235507011414
day_2048,3,0,0.46488368180063033
day_2048,3,0,0.1250657397839758
day_2048,3,0,0.2635160419676039
day_2048,3,0,0.6843823989232382
day_2048,3,0,0.24703324172231886
day_2048,3,0,0.43138537142011857
day_2048,3,0,0.27620143857267165
day_2048,3,0,0.501167462931739
day_2048,3,0,0.11114520993497637
day_2048,3,0,0.3366399010022481
day_2048,3,0,0.2901292641957601
day_2048,3,0,0.643051544825236
day_2048,3,0,0.6059777802891202
day_2048,3,0,0.2286567779050933
day_2048,3,0,0.36796624461809796
day_2048,3,0,0.6429083877139621
day_2048,3,0,0.46777498722076416
day_2048,3,0,0.5394816696643829
day_2048,3,0,0.2695616301563051
day_2048,3,0,0.18437980943255955
day_2048,3,0,0.6043209201759763
day_2048,3,0,0.7246414621671041
day_2048,3,0,0.17314230899016061
day_2048,3,0,0.5073198775450388
day_2048,3,0,0.6492604348394606
day_2048,3,0,0.19181663129064772
day_2048,3,0,0.3158638435933325
day_2048,3,0,0.3289721260468165
day_2048,3,0,0.7062669263945686
day_2048,3,0,0.3250553061564763
day_2048,3,0,0.10330331532491578
day_2048,3,0,0.09702415102057987
day_2048,3,0,0.39701710144678753
day_2048,3,0,0.6122460862000784
day_2048,3,0,0.2580624404880736
day_2048,3,0,0.43211400840017533
day_2048,3,0,0.36901284257570904
day_2048,3,0,0.2393371363480886
day_2048,3,0,0.6811928285492791
day_2048,3,0,0.21653290838003159
day_2048,3,0,0.19034857799609503
day_2048,3,0,0.15140082273218367
day_2048,3,0,0.4245050615734524
day_2048,3,0,0.2217943337228563
day_2048,3,0,0.41831860608524746
day_2048,3,0,0.22205238375398847
day_2048,3,0,0.5954199035962423
day_2048,3,0,0.2808217340045505
day_2048,3,0,0.5410248968336318
day_2048,3,0,0.39926474624209934
day_2048,3,0,0.36901284257570904
day_2048,3,0,0.36075153781308067
day_2048,3,0,0.3653957148392995
day_2048,3,0,0.4624398748079936
day_2048,3,0,0.36109093493885464
day_2048,3,0,0.2989623149236043
day_2048,3,0,0.3311775012148751
day_2048,3,0,0.6430229677094353
day_2048,3,0,0.3955022460884518
day_2048,3,0,0.21849225875404146
day_2048,3,0,0.7093889382150438
day_2048,3,0,0.41637933254241943
day_2048,3,0,0.27526946034696365
day_2048,3,0,0.3550498104757733
day_2048,3,0,0.32787033915519714
day_2048,3,0,0.4803954031732347
day_2048,3,0,0.23783990575207603
day_2048,3,0,0.1933352326353391
day_2048,3,0,0.23897461096445718
day_2048,3,0,0.29614823394351536
day_2048,3,0,0.29328934517171645
day_2048,3,0,0.5635004639625549
day_2048,3,0,0.4725977944003211
day_2048,3,0,0.33753985663255054
day_2048,3,0,0.38297826713985866
day_2048,3,0,0.4654746982786391
day_2048,3,0,0.2642351769738727
day_2048,3,0,0.2835569613509708
day_2048,3,0,0.4760952161418067
day_2048,3,0,0.2657102213965522
day_2048,3,0,0.10769838343063991
day_2048,3,0,0.345426791244083
day_2048,3,0,0.31318610575464034
day_2048,3,0,0.12111337979634602
day_2048,3,0,0.30577149159378475
day_2048,3,0,0.11794851430588299
day_2048,3,0,0.604196654425727
day_2048,3,0,0.5904432733853658
day_2048,3,0,0.5742503503958384
day_2048,3,0,0.2669554700454076
day_2048,3,0,0.5325047622124354
day_2048,3,0,0.24891633788744608
day_2048,3,0,0.3094082060787413
day_2048,3,0,0.14508161693811417
day_2048,3,0,0.24782846702469719
day_2048,3,0,0.5095825956927406
day_2048,3,0,0.48851778441005284
day_2048,3,0,0.2318523128827413
day_2048,3,0,0.44816241496139103
day_2048,3,0,0.08714804674188296
day_2048,3,0,0.3588410135772493
day_2048,3,0,0.543449815776613
day_2048,3,0,0.5316888590653738
day_2048,3,0,0.7619713577959273
day_2048,3,0,0.5133844183550941
day_2048,3,0,0.556892368528578
day_2048,3,0,0.4333779679404365
day_2048,3,0,0.7133300304412842
day_2048,3,0,0.5461197959052192
day_2048,3,0,0.5276325742403666
day_2048,3,0,0.5833000209596422
day_2048,3,0,0.21318344440725115
day_2048,3,0,0.5505870580673218
day_2048,3,0,0.09018027989400758
day_2048,3,0,0.49829431706004673
day_2048,3,0,0.2651883165041606
day_2048,3,0,0.32456148746940827
day_2048,3,0,0.5409393111864725
day_2048,3,0,0.645720899105072
day_2048,3,0,0.45818666285938686
day_2048,3,0,0.6887207627296448
day_2048,3,0,0.2691287365224626
day_2048,3,0,0.6353437105814616
day_2048,3,0,0.34968841241465676
day_2048,3,0,0.5815123750103844
day_2048,3,0,0.3217644989490509
day_2048,3,0,0.25866472555531395
day_2048,3,0,0.09728960113392936
day_2048,3,0,0.5612086421913571
day_2048,3,0,0.2691287365224626
day_2048,3,0,0.07232285622093412
day_2048,3,0,0.4590485261546241
day_2048,3,0,0.3119929614994261
day_2048,3,0,0.08873317432072428
day_2048,3,0,0.6546896364953783
day_2048,3,0,0.3983391688929664
day_2048,3,0,0.22558217578464085
day_2048,3,0,0.24429667823844486
day_2048,3,0,0.7590045730272929
day_2048,3,0,0.07935609978934129
day_2048,3,0,0.43232522077030605
day_2048,3,0,0.19812892625729242
day_2048,3,0,0.3056404110458162
day_2048,3,0,0.21398880746629503
day_2048,3,0,0.3017033123307758
day_2048,3,0,0.5133712126149071
day_2048,3,0,0.6564596030447218
day_2048,3,0,0.7897582517729865
day_2048,3,0,0.2526145809226566
day_2048,3,0,0.1487010353141361
day_2048,3,0,0.7495171758863661
day_2048,3,0,0.41011371380752987
day_2048,3,0,0.2954770972331365
day_2048,3,0,0.07086210615105099
day_2048,3,0,0.1744421414203114
day_2048,3,0,0.7092543045679728
day_2048,3,0,0.42551714844173855
day_2048,3,0,0.29299431376987034
day_2048,3,0,0.29299431376987034
day_2048,3,0,0.39630159073405796
day_2048,3,0,0.2700544032785628
day_2048,3,0,0.21090074049101937
day_2048,3,0,0.4697619444794125
day_2048,3,0,0.22398377706607184
day_2048,3,0,0.224310249918037
day_2048,3,0,0.3831959151559406
day_2048,3,0,0.6358164052168528
day_2048,3,0,0.27737419141663444
day_2048,3,0,0.2658236159218682
day_2048,3,0,0.21694203383392757
day_2048,3,0,0.07086210615105099
day_2048,3,0,0.21386042733987173
day_2048,3,0,0.4030900167094337
day_2048,3,0,0.43738478422164917
day_2048,3,0,0.4152437862422731
day_2048,3,0,0.45916710628403556
day_2048,3,0,0.40547799401813084
day_2048,3,0,0.45663683613141376
day_2048,3,0,0.550635490152571
day_2048,3,0,0.09427884221076965
day_2048,3,0,0.5487218134933047
day_2048,3,0,0.3073171178499858
day_2048,3,0,0.4367000460624695
day_2048,3,0,0.24626136157247755
day_2048,3,0,0.44522014260292053
day_2048,3,0,0.4693302512168884
day_2048,3,0,0.6164315607812669
day_2048,3,0,0.10716014810734326
day_2048,3,0,0.5051778753598531
day_2048,3,0,0.4017883390188217
day_2048,3,0,0.3815590937932332
day_2048,3,0,0.45663683613141376
day_2048,3,0,0.501108682817883
day_2048,3,0,0.23141500188244712
day_2048,3,0,0.2510445432530509
day_2048,3,0,0.41908562514517045
day_2048,3,0,0.2793756185306443
day_2048,3,0,0.331134176088704
day_2048,3,0,0.385858287413915
day_2048,3,0,0.20850001275539398
day_2048,3,0,0.1641735484202703
day_2048,3,0,0.2538987365033891
day_2048,3,0,0.2809336814615462
day_2048,3,0,0.4508448607391781
day_2048,3,0,0.35586335096094346
day_2048,3,0,0.3180193255345027
day_2048,3,0,0.41772186011075974
day_2048,3,0,0.7002013656828139
day_2048,3,0,0.2496617535750071
day_2048,4,1,0.6191435555617014
day_2048,4,1,0.7620278000831604
day_2048,4,1,0.1360464965303739
day_2048,4,1,0.40598711371421814
day_2048,4,1,0.7228786812888252
day_2048,4,1,0.43595559729470146
day_2048,4,1,0.40598711371421814
day_2048,4,1,0.6191435555617014
day_2048,4,1,0.40598711371421814
day_2048,4,1,0.7228786812888252
day_2048,4,1,0.43595559729470146
day_2048,4,1,0.7620278000831604
day_2048,4,1,0.1360464965303739
day_2048,4,1,0.1360464965303739
day_2048,4,1,0.6191435555617014
day_2048,4,1,0.7048865159352621
day_2048,4,1,0.7048865159352621
day_2048,4,1,0.6191435555617014
day_2048,4,1,0.7048865159352621
day_2048,4,1,0.6191435555617014
day_2048,4,1,0.7620278000831604
day_2048,4,1,0.6191435555617014
day_2048,4,1,0.7048865159352621
day_2048,4,1,0.7048865159352621
day_2048,4,1,0.40598711371421814
day_2048,4,1,0.40598711371421814
day_2048,4,1,0.7228786812888252
day_2048,4,1,0.7620278000831604
day_2048,4,1,0.40598711371421814
day_2048,4,1,0.7620278000831604
day_2048,4,1,0.7620278000831604
day_2048,4,1,0.1360464965303739
day_2048,4,1,0.7620278000831604
day_2048,4,1,0.6191435555617014
day_2048,4,1,0.1360464965303739
day_2048,4,1,0.6191435555617014
day_2048,4,1,0.6191435555617014
day_2048,4,1,0.903022461467319
day_2048,4,1,0.8970146775245667
day_2048,4,1,0.8970146775245667
day_2048,4,1,0.8970146775245667
day_2048,4,1,0.8970146775245667
day_2048,4,1,0.903022461467319
day_2048,4,1,0.8970146775245667
day_2048,4,1,0.903022461467319
day_2048,4,1,0.8970146775245667
day_2048,4,1,0.903022461467319
day_2048,4,1,0.903022461467319
day_2048,4,1,0.903022461467319
day_2048,4,1,0.903022461467319
day_2048,4,1,0.903022461467319
day_2048,4,1,0.903022461467319
day_2048,4,1,0.903022461467319
day_2048,4,1,0.903022461467319
day_2048,4,1,0.903022461467319
day_2048,4,1,0.903022461467319
day_2048,4,1,0.8970146775245667
day_2048,4,1,0.903022461467319
day_2048,4,1,0.8970146775245667
day_2048,4,1,0.903022461467319
day_2048,4,1,0.8970146775245667
day_2048,4,1,0.903022461467319
day_2048,4,1,0.8970146775245667
day_2048,4,1,0.8970146775245667
day_2048,4,1,0.8970146775245667
day_2048,4,1,0.8970146775245667
day_2048,4,1,0.8970146775245667
day_2048,4,1,0.8970146775245667
day_2048,4,1,0.903022461467319
day_2048,4,1,0.903022461467319
day_2048,4,1,0.8970146775245667
day_2048,4,1,0.903022461467319
day_2048,4,1,0.903022461467319
day_2048,4,1,0.903022461467319
day_2048,4,1,0.7166040341059366
day_2048,4,1,0.7197340064578586
day_2048,4,1,0.7166040341059366
day_2048,4,1,0.7197340064578586
day_2048,4,1,0.7166040341059366
day_2048,4,1,0.7197340064578586
day_2048,4,1,0.5960957374837663
day_2048,4,1,0.5960957374837663
day_2048,4,1,0.7268805437617831
day_2048,4,1,0.5960957374837663
day_2048,4,1,0.7166040341059366
day_2048,4,1,0.7268805437617831
day_2048,4,1,0.7166040341059366
day_2048,4,1,0.7166040341059366
day_2048,4,1,0.7268805437617831
day_2048,4,1,0.7197340064578586
day_2048,4,1,0.7197340064578586
day_2048,4,1,0.5960957374837663
day_2048,4,1,0.7197340064578586
day_2048,4,1,0.7166040341059366
day_2048,4,1,0.7197340064578586
day_2048,4,1,0.7166040341059366
day_2048,4,1,0.7268805437617831
day_2048,4,1,0.7197340064578586
day_2048,4,1,0.7166040341059366
day_2048,4,1,0.7268805437617831
day_2048,4,1,0.7268805437617831
day_2048,4,1,0.7197340064578586
day_2048,4,1,0.7166040341059366
day_2048,4,1,0.7166040341059366
day_2048,4,1,0.7197340064578586
day_2048,4,1,0.5960957374837663
day_2048,4,1,0.7166040341059366
day_2048,4,1,0.7268805437617831
day_2048,4,1,0.7166040341059366
day_2048,4,1,0.7166040341059366
day_2048,4,1,0.7268805437617831
day_2048,4,1,0.8120751712057326
day_2048,4,1,0.8534188469250997
day_2048,4,1,0.8534188469250997
day_2048,4,1,0.8534188469250997
day_2048,4,1,0.7442841596073575
day_2048,4,1,0.8120751712057326
day_2048,4,1,0.8120751712057326
day_2048,4,1,0.8534188469250997
day_2048,4,1,0.8534188469250997
day_2048,4,1,0.8534188469250997
day_2048,4,1,0.8534188469250997
day_2048,4,1,0.8120751712057326
day_2048,4,1,0.8120751712057326
day_2048,4,1,0.8120751712057326
day_2048,4,1,0.8534188469250997
day_2048,4,1,0.8534188469250997
day_2048,4,1,0.8534188469250997
day_2048,4,1,0.8534188469250997
day_2048,4,1,0.8120751712057326
day_2048,4,1,0.8534188469250997
day_2048,4,1,0.8534188469250997
day_2048,4,1,0.8120751712057326
day_2048,4,1,0.8120751712057326
day_2048,4,1,0.8534188469250997
day_2048,4,1,0.8120751712057326
day_2048,4,1,0.8120751712057326
day_2048,4,1,0.8120751712057326
day_2048,4,1,0.7442841596073575
day_2048,4,1,0.8534188469250997
day_2048,4,1,0.7442841596073575
day_2048,4,1,0.8534188469250997
day_2048,4,1,0.8120751712057326
day_2048,4,1,0.8534188469250997
day_2048,4,1,0.8120751712057326
day_2048,4,1,0.8120751712057326
day_2048,4,1,0.8534188469250997
day_2048,4,1,0.8120751712057326
day_2048,4,1,0.8732157283359103
day_2048,4,1,0.6171589063273536
day_2048,4,1,0.685320258140564
day_2048,4,1,0.8529437581698099
day_2048,4,1,0.8529437581698099
day_2048,4,1,0.4042322023047341
day_2048,4,1,0.6171589063273536
day_2048,4,1,0.685320258140564
day_2048,4,1,0.6171589063273536
day_2048,4,1,0.8732157283359103
day_2048,4,1,0.8529437581698099
day_2048,4,1,0.6171589063273536
day_2048,4,1,0.6171589063273536
day_2048,4,1,0.4042322023047341
day_2048,4,1,0.8732157283359103
day_2048,4,1,0.8409273823102316
day_2048,4,1,0.8409273823102316
day_2048,4,1,0.685320258140564
day_2048,4,1,0.8409273823102316
day_2048,4,1,0.4042322023047341
day_2048,4,1,0.8732157283359103
day_2048,4,1,0.6171589063273536
day_2048,4,1,0.8732157283359103
day_2048,4,1,0.685320258140564
day_2048,4,1,0.8732157283359103
day_2048,4,1,0.8732157283359103
day_2048,4,1,0.8409273823102316
day_2048,4,1,0.4042322023047341
day_2048,4,1,0.8529437581698099
day_2048,4,1,0.4042322023047341
day_2048,4,1,0.8409273823102316
day_2048,4,1,0.4042322023047341
day_2048,4,1,0.8529437581698099
day_2048,4,1,0.6171589063273536
day_2048,4,1,0.4904350870185428
day_2048,4,1,0.8409273823102316
day_2048,4,1,0.6171589063273536
day_2048,4,1,0.937871687942081
day_2048,4,1,0.937871687942081
day_2048,4,1,0.937871687942081
day_2048,4,1,0.937871687942081
day_2048,4,1,0.937871687942081
day_2048,4,1,0.937871687942081
day_2048,4,1,0.937871687942081
day_2048,4,1,0.937871687942081
day_2048,4,1,0.937871687942081
day_2048,4,1,0.937871687942081
day_2048,4,1,0.937871687942081
day_2048,4,1,0.937871687942081
day_2048,4,1,0.937871687942081
day_2048,4,1,0.937871687942081
day_2048,4,1,0.937871687942081
day_2048,4,1,0.937871687942081
day_2048,4,1,0.937871687942081
day_2048,4,1,0.937871687942081
day_2048,4,1,0.937871687942081
day_2048,4,1,0.937871687942081
day_2048,4,1,0.937871687942081
day_2048,4,1,0.937871687942081
day_2048,4,1,0.937871687942081
day_2048,4,1,0.937871687942081
day_2048,4,1,0.937871687942081
day_2048,4,1,0.937871687942081
day_2048,4,1,0.937871687942081
day_2048,4,1,0.937871687942081
day_2048,4,1,0.937871687942081
day_2048,4,1,0.937871687942081
day_2048,4,1,0.937871687942081
day_2048,4,1,0.937871687942081
day_2048,4,1,0.937871687942081
day_2048,4,1,0.937871687942081
day_2048,4,1,0.937871687942081
day_2048,4,1,0.937871687942081
day_2048,4,1,0.937871687942081
day_2048,4,1,0.6116568115022447
day_2048,4,1,0.6066790355576409
day_2048,4,1,0.6116568115022447
day_2048,4,1,0.6116568115022447
day_2048,4,1,0.6066790355576409
day_2048,4,1,0.6066790355576409
day_2048,4,1,0.9046240117814806
day_2048,4,1,0.6066790355576409
day_2048,4,1,0.6066790355576409
day_2048,4,1,0.6116568115022447
day_2048,4,1,0.7809683746761746
day_2048,4,1,0.7809683746761746
day_2048,4,1,0.7809683746761746
day_2048,4,1,0.7809683746761746
day_2048,4,1,0.7809683746761746
day_2048,4,1,0.6116568115022447
day_2048,4,1,0.7809683746761746
day_2048,4,1,0.9046240117814806
day_2048,4,1,0.7809683746761746
day_2048,4,1,0.6116568115022447
day_2048,4,1,0.6116568115022447
day_2048,4,1,0.6066790355576409
day_2048,4,1,0.6116568115022447
day_2048,4,1,0.7809683746761746
day_2048,4,1,0.6116568115022447
day_2048,4,1,0.9046240117814806
day_2048,4,1,0.6116568115022447
day_2048,4,1,0.6066790355576409
day_2048,4,1,0.9046240117814806
day_2048,4,1,0.9046240117814806
day_2048,4,1,0.7809683746761746
day_2048,4,1,0.7809683746761746
day_2048,4,1,0.7809683746761746
day_2048,4,1,0.7809683746761746
day_2048,4,1,0.7809683746761746
day_2048,4,1,0.6066790355576409
day_2048,4,1,0.9046240117814806
day_2048,4,1,0.5688650806744894
day_2048,4,1,0.5088126526938545
day_2048,4,1,0.8372083571222093
day_2048,4,1,0.5088126526938545
day_2048,4,1,0.9620541201697456
day_2048,4,1,0.4805624849266476
day_2048,4,1,0.5088126526938545
day_2048,4,1,0.8372083571222093
day_2048,4,1,0.5088126526938545
day_2048,4,1,0.4805624849266476
day_2048,4,1,0.5688650806744894
day_2048,4,1,0.8372083571222093
day_2048,4,1,0.8372083571222093
day_2048,4,1,0.4805624849266476
day_2048,4,1,0.8372083571222093
day_2048,4,1,0.9620541201697456
day_2048,4,1,0.5088126526938545
day_2048,4,1,0.4805624849266476
day_2048,4,1,0.4805624849266476
day_2048,4,1,0.9620541201697456
day_2048,4,1,0.8372083571222093
day_2048,4,1,0.5088126526938545
day_2048,4,1,0.4805624849266476
day_2048,4,1,0.4805624849266476
day_2048,4,1,0.4805624849266476
day_2048,4,1,0.4805624849266476
day_2048,4,1,0.9620541201697456
day_2048,4,1,0.8372083571222093
day_2048,4,1,0.4805624849266476
day_2048,4,1,0.4805624849266476
day_2048,4,1,0.4805624849266476
day_2048,4,1,0.5688650806744894
day_2048,4,1,0.5088126526938545
day_2048,4,1,0.9620541201697456
day_2048,4,1,0.5688650806744894
day_2048,4,1,0.5688650806744894
day_2048,4,1,0.5688650806744894
day_2048,4,1,0.9555099076694913
day_2048,4,1,0.3443436357710097
day_2048,4,1,0.4369354214933183
day_2048,4,1,0.9555099076694913
day_2048,4,1,0.17359563377168444
day_2048,4,1,0.9130099746916029
day_2048,4,1,0.9130099746916029
day_2048,4,1,0.4369354214933183
day_2048,4,1,0.660081555445989
day_2048,4,1,0.17359563377168444
day_2048,4,1,0.4369354214933183
day_2048,4,1,0.660081555445989
day_2048,4,1,0.9130099746916029
day_2048,4,1,0.9555099076694913
day_2048,4,1,0.9555099076694913
day_2048,4,1,0.3443436357710097
day_2048,4,1,0.9555099076694913
day_2048,4,1,0.660081555445989
day_2048,4,1,0.9293198453055488
day_2048,4,1,0.4369354214933183
day_2048,4,1,0.9130099746916029
day_2048,4,1,0.17359563377168444
day_2048,4,1,0.660081555445989
day_2048,4,1,0.9555099076694913
day_2048,4,1,0.9130099746916029
day_2048,4,1,0.660081555445989
day_2048,4,1,0.9555099076694913
day_2048,4,1,0.4369354214933183
day_2048,4,1,0.9293198453055488
day_2048,4,1,0.3443436357710097
day_2048,4,1,0.9555099076694913
day_2048,4,1,0.3443436357710097
day_2048,4,1,0.9130099746916029
day_2048,4,1,0.3443436357710097
day_2048,4,1,0.4369354214933183
day_2048,4,1,0.9293198453055488
day_2048,4,1,0.17359563377168444
day_2048,4,1,0.4295075105296241
day_2048,4,1,0.3558838152223163
day_2048,4,1,0.39806705050998265
day_2048,4,1,0.514219828777843
day_2048,4,1,0.6867040660646226
day_2048,4,1,0.4337957733207279
day_2048,4,1,0.39806705050998265
day_2048,4,1,0.2372341040107939
day_2048,4,1,0.4337957733207279
day_2048,4,1,0.3558838152223163
day_2048,4,1,0.2498224957121743
day_2048,4,1,0.45765307876798844
day_2048,4,1,0.6867040660646226
day_2048,4,1,0.27981574833393097
day_2048,4,1,0.6867040660646226
day_2048,4,1,0.4228575693236457
day_2048,4,1,0.24812057283189562
day_2048,4,1,0.39806705050998265
day_2048,4,1,0.4228575693236457
day_2048,4,1,0.34681833452648586
day_2048,4,1,0.514219828777843
day_2048,4,1,0.6867040660646226
day_2048,4,1,0.5438643991947174
day_2048,4,1,0.5438643991947174
day_2048,4,1,0.5438643991947174
day_2048,4,1,0.5612894925806258
day_2048,4,1,0.4337957733207279
day_2048,4,1,0.4337957733207279
day_2048,4,1,0.5211693313386705
day_2048,4,1,0.6867040660646226
day_2048,4,1,0.39806705050998265
day_2048,4,1,0.34681833452648586
day_2048,4,1,0.5770665208498637
day_2048,4,1,0.3808781173494127
day_2048,4,1,0.32930197152826524
day_2048,4,1,0.27981574833393097
day_2048,4,1,0.32930197152826524
day_2048,4,1,0.4698446061876085
day_2048,4,1,0.8824660976727804
day_2048,4,1,0.4490635527504815
day_2048,4,1,0.3444732344812817
day_2048,4,1,0.8255409267213609
day_2048,4,1,0.3444732344812817
day_2048,4,1,0.8255409267213609
day_2048,4,1,0.3444732344812817
day_2048,4,1,0.334240135219362
day_2048,4,1,0.4490635527504815
day_2048,4,1,0.334240135219362
day_2048,4,1,0.4698446061876085
day_2048,4,1,0.3444732344812817
day_2048,4,1,0.6001640889379714
day_2048,4,1,0.8824660976727804
day_2048,4,1,0.8255409267213609
day_2048,4,1,0.8824660976727804
day_2048,4,1,0.6001640889379714
day_2048,4,1,0.7992998361587524
day_2048,4,1,0.334240135219362
day_2048,4,1,0.4698446061876085
day_2048,4,1,0.334240135219362
day_2048,4,1,0.8255409267213609
day_2048,4,1,0.3444732344812817
day_2048,4,1,0.8255409267213609
day_2048,4,1,0.875732335779402
day_2048,4,1,0.334240135219362
day_2048,4,1,0.8255409267213609
day_2048,4,1,0.6001640889379714
day_2048,4,1,0.6001640889379714
day_2048,4,1,0.4490635527504815
day_2048,4,1,0.3444732344812817
day_2048,4,1,0.7992998361587524
day_2048,4,1,0.8255409267213609
day_2048,4,1,0.7185447116692861
day_2048,4,1,0.8255409267213609
day_2048,4,1,0.875732335779402
day_2048,4,1,0.9371379680103726
day_2048,4,1,0.9371379680103726
day_2048,4,1,0.9371379680103726
day_2048,4,1,0.9371379680103726
day_2048,4,1,0.9371379680103726
day_2048,4,1,0.9371379680103726
day_2048,4,1,0.9371379680103726
day_2048,4,1,0.9371379680103726
day_2048,4,1,0.9371379680103726
day_2048,4,1,0.9371379680103726
day_2048,4,1,0.9371379680103726
day_2048,4,1,0.9371379680103726
day_2048,4,1,0.9371379680103726
day_2048,4,1,0.9371379680103726
day_2048,4,1,0.9371379680103726
day_2048,4,1,0.9371379680103726
day_2048,4,1,0.9371379680103726
day_2048,4,1,0.9371379680103726
day_2048,4,1,0.9371379680103726
day_2048,4,1,0.9371379680103726
day_2048,4,1,0.9371379680103726
day_2048,4,1,0.9371379680103726
day_2048,4,1,0.9371379680103726
day_2048,4,1,0.9371379680103726
day_2048,4,1,0.9371379680103726
day_2048,4,1,0.9371379680103726
day_2048,4,1,0.9371379680103726
day_2048,4,1,0.9371379680103726
day_2048,4,1,0.9371379680103726
day_2048,4,1,0.9371379680103726
day_2048,4,1,0.9371379680103726
day_2048,4,1,0.9371379680103726
day_2048,4,1,0.9371379680103726
day_2048,4,1,0.9371379680103726
day_2048,4,1,0.9371379680103726
day_2048,4,1,0.9371379680103726
day_2048,4,1,0.9371379680103726
day_2048,4,1,0.41618309915065765
day_2048,4,1,0.7681130634413825
day_2048,4,1,0.9266836245854696
day_2048,4,1,0.7681130634413825
day_2048,4,1,0.7681130634413825
day_2048,4,1,0.9266836245854696
day_2048,4,1,0.7681130634413825
day_2048,4,1,0.41618309915065765
day_2048,4,1,0.41618309915065765
day_2048,4,1,0.41618309915065765
day_2048,4,1,0.9266836245854696
day_2048,4,1,0.41618309915065765
day_2048,4,1,0.41618309915065765
day_2048,4,1,0.7681130634413825
day_2048,4,1,0.41618309915065765
day_2048,4,1,0.9266836245854696
day_2048,4,1,0.41618309915065765
day_2048,4,1,0.41618309915065765
day_2048,4,1,0.41618309915065765
day_2048,4,1,0.9266836245854696
day_2048,4,1,0.7681130634413825
day_2048,4,1,0.41618309915065765
day_2048,4,1,0.9266836245854696
day_2048,4,1,0.7681130634413825
day_2048,4,1,0.7681130634413825
day_2048,4,1,0.7681130634413825
day_2048,4,1,0.41618309915065765
day_2048,4,1,0.41618309915065765
day_2048,4,1,0.9266836245854696
day_2048,4,1,0.9266836245854696
day_2048,4,1,0.9266836245854696
day_2048,4,1,0.7681130634413825
day_2048,4,1,0.41618309915065765
day_2048,4,1,0.7681130634413825
day_2048,4,1,0.7681130634413825
day_2048,4,1,0.9266836245854696
day_2048,4,1,0.9266836245854696
day_2048,4,1,0.44504015644391376
day_2048,4,1,0.6434854401482476
day_2048,4,1,0.44504015644391376
day_2048,4,1,0.44504015644391376
day_2048,4,1,0.44504015644391376
day_2048,4,1,0.6434854401482476
day_2048,4,1,0.6434854401482476
day_2048,4,1,0.908094134595659
day_2048,4,1,0.44504015644391376
day_2048,4,1,0.6434854401482476
day_2048,4,1,0.908094134595659
day_2048,4,1,0.908094134595659
day_2048,4,1,0.6434854401482476
day_2048,4,1,0.44504015644391376
day_2048,4,1,0.44504015644391376
day_2048,4,1,0.6434854401482476
day_2048,4,1,0.44504015644391376
day_2048,4,1,0.44504015644391376
day_2048,4,1,0.44504015644391376
day_2048,4,1,0.6434854401482476
day_2048,4,1,0.44504015644391376
day_2048,4,1,0.6434854401482476
day_2048,4,1,0.908094134595659
day_2048,4,1,0.6434854401482476
day_2048,4,1,0.6434854401482476
day_2048,4,1,0.908094134595659
day_2048,4,1,0.908094134595659
day_2048,4,1,0.6434854401482476
day_2048,4,1,0.44504015644391376
day_2048,4,1,0.6434854401482476
day_2048,4,1,0.44504015644391376
day_2048,4,1,0.44504015644391376
day_2048,4,1,0.908094134595659
day_2048,4,1,0.44504015644391376
day_2048,4,1,0.6434854401482476
day_2048,4,1,0.6434854401482476
day_2048,4,1,0.44504015644391376
day_2048,4,1,0.7619118226899041
day_2048,4,1,0.8150166140662299
day_2048,4,1,0.7721816433800591
day_2048,4,1,0.620962487326728
day_2048,4,1,0.9368860257996453
day_2048,4,1,0.9368860257996453
day_2048,4,1,0.7926841576894125
day_2048,4,1,0.6645718713601431
day_2048,4,1,0.4782776501443651
day_2048,4,1,0.7879694037967258
day_2048,4,1,0.8150166140662299
day_2048,4,1,0.9368860257996453
day_2048,4,1,0.7355207138591342
day_2048,4,1,0.7721816433800591
day_2048,4,1,0.7721816433800591
day_2048,4,1,0.2543429748879539
day_2048,4,1,0.7355207138591342
day_2048,4,1,0.7619118226899041
day_2048,4,1,0.9368860257996453
day_2048,4,1,0.7355207138591342
day_2048,4,1,0.7926841576894125
day_2048,4,1,0.6645718713601431
day_2048,4,1,0.5738943980799781
day_2048,4,1,0.4782776501443651
day_2048,4,1,0.620962487326728
day_2048,4,1,0.7619118226899041
day_2048,4,1,0.620962487326728
day_2048,4,1,0.7619118226899041
day_2048,4,1,0.2543429748879539
day_2048,4,1,0.7926841576894125
day_2048,4,1,0.7926841576894125
day_2048,4,1,0.4782776501443651
day_2048,4,1,0.8150166140662299
day_2048,4,1,0.6645718713601431
day_2048,4,1,0.7619118226899041
day_2048,4,1,0.620962487326728
day_2048,4,1,0.6645718713601431
day_2048,4,1,0.8848401374287076
day_2048,4,1,0.16219167659680048
day_2048,4,1,0.8848401374287076
day_2048,4,1,0.5550887684027354
day_2048,4,1,0.3030949681997299
day_2048,4,1,0.8848401374287076
day_2048,4,1,0.5550887684027354
day_2048,4,1,0.809253818458981
day_2048,4,1,0.809253818458981
day_2048,4,1,0.44775987995995414
day_2048,4,1,0.5550887684027354
day_2048,4,1,0.8848401374287076
day_2048,4,1,0.809253818458981
day_2048,4,1,0.3030949681997299
day_2048,4,1,0.16219167659680048
day_2048,4,1,0.809253818458981
day_2048,4,1,0.16219167659680048
day_2048,4,1,0.44775987995995414
day_2048,4,1,0.8848401374287076
day_2048,4,1,0.16219167659680048
day_2048,4,1,0.5550887684027354
day_2048,4,1,0.16219167659680048
day_2048,4,1,0.44775987995995414
day_2048,4,1,0.8848401374287076
day_2048,4,1,0.44775987995995414
day_2048,4,1,0.5550887684027354
day_2048,4,1,0.5550887684027354
day_2048,4,1,0.809253818458981
day_2048,4,1,0.809253818458981
day_2048,4,1,0.8848401374287076
day_2048,4,1,0.16219167659680048
day_2048,4,1,0.809253818458981
day_2048,4,1,0.16219167659680048
day_2048,4,1,0.809253818458981
day_2048,4,1,0.5550887684027354
day_2048,4,1,0.5550887684027354
day_2048,4,1,0.16219167659680048
day_2048,4,1,0.6645028591156006
day_2048,4,1,0.47510650753974915
day_2048,4,1,0.47510650753974915
day_2048,4,1,0.47510650753974915
day_2048,4,1,0.6645028591156006
day_2048,4,1,0.5268671611944834
day_2048,4,1,0.6645028591156006
day_2048,4,1,0.6645028591156006
day_2048,4,1,0.5268671611944834
day_2048,4,1,0.5268671611944834
day_2048,4,1,0.5268671611944834
day_2048,4,1,0.6645028591156006
day_2048,4,1,0.5268671611944834
day_2048,4,1,0.6645028591156006
day_2048,4,1,0.5268671611944834
day_2048,4,1,0.6645028591156006
day_2048,4,1,0.5268671611944834
day_2048,4,1,0.5268671611944834
day_2048,4,1,0.6645028591156006
day_2048,4,1,0.47510650753974915
day_2048,4,1,0.5268671611944834
day_2048,4,1,0.5268671611944834
day_2048,4,1,0.6645028591156006
day_2048,4,1,0.5268671611944834
day_2048,4,1,0.6645028591156006
day_2048,4,1,0.47510650753974915
day_2048,4,1,0.47510650753974915
day_2048,4,1,0.47510650753974915
day_2048,4,1,0.47510650753974915
day_2048,4,1,0.5268671611944834
day_2048,4,1,0.47510650753974915
day_2048,4,1,0.6645028591156006
day_2048,4,1,0.5268671611944834
day_2048,4,1,0.5268671611944834
day_2048,4,1,0.5268671611944834
day_2048,4,1,0.5268671611944834
day_2048,4,1,0.5268671611944834
day_2048,4,1,0.5124642584058974
day_2048,4,1,0.7281347314516703
day_2048,4,1,0.5860012438562181
day_2048,4,1,0.5989850958188375
day_2048,4,1,0.5989850958188375
day_2048,4,1,0.32798753678798676
day_2048,4,1,0.7281347314516703
day_2048,4,1,0.7281347314516703
day_2048,4,1,0.7252791987525092
day_2048,4,1,0.5278776354259915
day_2048,4,1,0.5278776354259915
day_2048,4,1,0.32798753678798676
day_2048,4,1,0.812744034661187
day_2048,4,1,0.7252791987525092
day_2048,4,1,0.5124642584058974
day_2048,4,1,0.6893680095672607
day_2048,4,1,0.5124642584058974
day_2048,4,1,0.6893680095672607
day_2048,4,1,0.5860012438562181
day_2048,4,1,0.5124642584058974
day_2048,4,1,0.812744034661187
day_2048,4,1,0.5989850958188375
day_2048,4,1,0.5989850958188375
day_2048,4,1,0.351436499092314
day_2048,4,1,0.5278776354259915
day_2048,4,1,0.3216525713602702
day_2048,4,1,0.812744034661187
day_2048,4,1,0.3216525713602702
day_2048,4,1,0.7281347314516703
day_2048,4,1,0.812744034661187
day_2048,4,1,0.7281347314516703
day_2048,4,1,0.812744034661187
day_2048,4,1,0.7252791987525092
day_2048,4,1,0.5989850958188375
day_2048,4,1,0.32798753678798676
day_2048,4,1,0.6893680095672607
day_2048,4,1,0.5989850958188375
day_2048,4,1,0.86773372358746
day_2048,4,1,0.9090778032938639
day_2048,4,1,0.6492412123415205
day_2048,4,1,0.6996271676487393
day_2048,4,1,0.6083805130587684
day_2048,4,1,0.9053328235944113
day_2048,4,1,0.6996271676487393
day_2048,4,1,0.9090778032938639
day_2048,4,1,0.86773372358746
day_2048,4,1,0.6996271676487393
day_2048,4,1,0.6996271676487393
day_2048,4,1,0.9053328235944113
day_2048,4,1,0.9053328235944113
day_2048,4,1,0.6083805130587684
day_2048,4,1,0.6083805130587684
day_2048,4,1,0.9090778032938639
day_2048,4,1,0.6996271676487393
day_2048,4,1,0.6996271676487393
day_2048,4,1,0.6083805130587684
day_2048,4,1,0.86773372358746
day_2048,4,1,0.9053328235944113
day_2048,4,1,0.9053328235944113
day_2048,4,1,0.86773372358746
day_2048,4,1,0.6996271676487393
day_2048,4,1,0.9053328235944113
day_2048,4,1,0.6996271676487393
day_2048,4,1,0.9090778032938639
day_2048,4,1,0.6492412123415205
day_2048,4,1,0.9053328235944113
day_2048,4,1,0.86773372358746
day_2048,4,1,0.9090778032938639
day_2048,4,1,0.9053328235944113
day_2048,4,1,0.6492412123415205
day_2048,4,1,0.6996271676487393
day_2048,4,1,0.6996271676487393
day_2048,4,1,0.9053328235944113
day_2048,4,1,0.6083805130587684
day_2048,4,1,0.46129704349570805
day_2048,4,1,0.1847554561164644
day_2048,4,1,0.5414854751692878
day_2048,4,1,0.3997874442074034
day_2048,4,1,0.31449974245495266
day_2048,4,1,0.41024589869711137
day_2048,4,1,0.3737730185190837
day_2048,4,1,0.29451398220327163
day_2048,4,1,0.2922647214598126
day_2048,4,1,0.5414854751692878
day_2048,4,1,0.32075753973590004
day_2048,4,1,0.29451398220327163
day_2048,4,1,0.47847532563739353
day_2048,4,1,0.4929925600687663
day_2048,4,1,0.46129704349570805
day_2048,4,1,0.3805284798145294
day_2048,4,1,0.5327912304136488
day_2048,4,1,0.3254430641730626
day_2048,4,1,0.4929925600687663
day_2048,4,1,0.4929925600687663
day_2048,4,1,0.29451398220327163
day_2048,4,1,0.3805284798145294
day_2048,4,1,0.3997874442074034
day_2048,4,1,0.5414854751692878
day_2048,4,1,0.5327912304136488
day_2048,4,1,0.4493747419781155
day_2048,4,1,0.17730657425191668
day_2048,4,1,0.47847532563739353
day_2048,4,1,0.3737730185190837
day_2048,4,1,0.3737730185190837
day_2048,4,1,0.5997094213962555
day_2048,4,1,0.3805284798145294
day_2048,4,1,0.46129704349570805
day_2048,4,1,0.47847532563739353
day_2048,4,1,0.46129704349570805
day_2048,4,1,0.5997094213962555
day_2048,4,1,0.3805284798145294
day_2048,4,1,0.5418352915181054
day_2048,4,1,0.7163190179400973
day_2048,4,1,0.17941076970762676
day_2048,4,1,0.2499980694717831
day_2048,4,1,0.5418352915181054
day_2048,4,1,0.5054089658790164
day_2048,4,1,0.37047110001246136
day_2048,4,1,0.5818297730551826
day_2048,4,1,0.3901207082801395
day_2048,4,1,0.37047110001246136
day_2048,4,1,0.17941076970762676
day_2048,4,1,0.8144426213370429
day_2048,4,1,0.40567660497294533
day_2048,4,1,0.40567660497294533
day_2048,4,1,0.5075479447841644
day_2048,4,1,0.3901207082801395
day_2048,4,1,0.3201666408114963
day_2048,4,1,0.6694474981890784
day_2048,4,1,0.7202434407340156
day_2048,4,1,0.40644001629617477
day_2048,4,1,0.4462331682443619
day_2048,4,1,0.3901207082801395
day_2048,4,1,0.5818297730551826
day_2048,4,1,0.40567660497294533
day_2048,4,1,0.5075479447841644
day_2048,4,1,0.17496282276180056
day_2048,4,1,0.3201666408114963
day_2048,4,1,0.5075479447841644
day_2048,4,1,0.5075479447841644
day_2048,4,1,0.37047110001246136
day_2048,4,1,0.2499980694717831
day_2048,4,1,0.30152277151743573
day_2048,4,1,0.7163190179400973
day_2048,4,1,0.17941076970762676
day_2048,4,1,0.7209022243817648
day_2048,4,1,0.3201666408114963
day_2048,4,1,0.3901207082801395
day_2048,4,1,0.839250730143653
day_2048,4,1,0.8358371721373664
day_2048,4,1,0.839250730143653
day_2048,4,1,0.8358371721373664
day_2048,4,1,0.8358371721373664
day_2048,4,1,0.8358371721373664
day_2048,4,1,0.8358371721373664
day_2048,4,1,0.839250730143653
day_2048,4,1,0.839250730143653
day_2048,4,1,0.839250730143653
day_2048,4,1,0.839250730143653
day_2048,4,1,0.8358371721373664
day_2048,4,1,0.839250730143653
day_2048,4,1,0.839250730143653
day_2048,4,1,0.8358371721373664
day_2048,4,1,0.6365829573737251
day_2048,4,1,0.8358371721373664
day_2048,4,1,0.6365829573737251
day_2048,4,1,0.6365829573737251
day_2048,4,1,0.8358371721373664
day_2048,4,1,0.6365829573737251
day_2048,4,1,0.8358371721373664
day_2048,4,1,0.839250730143653
day_2048,4,1,0.839250730143653
day_2048,4,1,0.839250730143653
day_2048,4,1,0.8358371721373664
day_2048,4,1,0.839250730143653
day_2048,4,1,0.8358371721373664
day_2048,4,1,0.839250730143653
day_2048,4,1,0.6365829573737251
day_2048,4,1,0.8358371721373664
day_2048,4,1,0.839250730143653
day_2048,4,1,0.8358371721373664
day_2048,4,1,0.839250730143653
day_2048,4,1,0.6365829573737251
day_2048,4,1,0.8358371721373664
day_2048,4,1,0.6365829573737251
day_2048,4,1,0.5248541600174375
day_2048,4,1,0.5369474920961592
day_2048,4,1,0.7014872564209832
day_2048,4,1,0.46221424804793465
day_2048,4,1,0.48032665914959377
day_2048,4,1,0.8209933969709609
day_2048,4,1,0.6512758798069425
day_2048,4,1,0.48032665914959377
day_2048,4,1,0.5248541600174375
day_2048,4,1,0.7963897387186686
day_2048,4,1,0.6153339081340365
day_2048,4,1,0.45700892474916244
day_2048,4,1,0.6407988634374406
day_2048,4,1,0.40738298495610553
day_2048,4,1,0.6776446832550896
day_2048,4,1,0.40738298495610553
day_2048,4,1,0.8257082237137688
day_2048,4,1,0.6512758798069425
day_2048,4,1,0.46584582659933305
day_2048,4,1,0.5369474920961592
day_2048,4,1,0.33537377748224473
day_2048,4,1,0.6153339081340365
day_2048,4,1,0.9251431028048197
day_2048,4,1,0.7014872564209832
day_2048,4,1,0.6844163404570686
day_2048,4,1,0.6153339081340365
day_2048,4,1,0.6776446832550896
day_2048,4,1,0.5482466618220011
day_2048,4,1,0.5544965432749854
day_2048,4,1,0.7963897387186686
day_2048,4,1,0.6407988634374406
day_2048,4,1,0.5369474920961592
day_2048,4,1,0.5248541600174375
day_2048,4,1,0.5248541600174375
day_2048,4,1,0.46221424804793465
day_2048,4,1,0.5544965432749854
day_2048,4,1,0.45051800542407566
day_2048,4,1,0.2690238671170341
day_2048,4,1,0.5202434559663137
day_2048,4,1,0.5359575914012061
day_2048,4,1,0.6537360416518317
day_2048,4,1,0.578697058889601
day_2048,4,1,0.5779715047942268
day_2048,4,1,0.5779715047942268
day_2048,4,1,0.5822320050663419
day_2048,4,1,0.3456208540333642
day_2048,4,1,0.32140852676497567
day_2048,4,1,0.6823727985223135
day_2048,4,1,0.5638396276368035
day_2048,4,1,0.5779715047942268
day_2048,4,1,0.5202434559663137
day_2048,4,1,0.5387763066424264
day_2048,4,1,0.32140852676497567
day_2048,4,1,0.5202434559663137
day_2048,4,1,0.6762237019009061
day_2048,4,1,0.5387763066424264
day_2048,4,1,0.5387763066424264
day_2048,4,1,0.5779715047942268
day_2048,4,1,0.3456208540333642
day_2048,4,1,0.5822320050663419
day_2048,4,1,0.6823727985223135
day_2048,4,1,0.6531688703431023
day_2048,4,1,0.6823727985223135
day_2048,4,1,0.4723611937628852
day_2048,4,1,0.6537360416518317
day_2048,4,1,0.2588201082415051
day_2048,4,1,0.5387763066424264
day_2048,4,1,0.2690238671170341
day_2048,4,1,0.33671320809258354
day_2048,4,1,0.4723611937628852
day_2048,4,1,0.4723611937628852
day_2048,4,1,0.2588201082415051
day_2048,4,1,0.6537360416518317
day_2048,4,1,0.3750207722187042
day_2048,4,1,0.5164513852861192
day_2048,4,1,0.7388170030381944
day_2048,4,1,0.7388170030381944
day_2048,4,1,0.21514633629057142
day_2048,4,1,0.21514633629057142
day_2048,4,1,0.21514633629057142
day_2048,4,1,0.7388170030381944
day_2048,4,1,0.5164513852861192
day_2048,4,1,0.21514633629057142
day_2048,4,1,0.6282417310608758
day_2048,4,1,0.21514633629057142
day_2048,4,1,0.5164513852861192
day_2048,4,1,0.21514633629057142
day_2048,4,1,0.7388170030381944
day_2048,4,1,0.6282417310608758
day_2048,4,1,0.21514633629057142
day_2048,4,1,0.7388170030381944
day_2048,4,1,0.5164513852861192
day_2048,4,1,0.7388170030381944
day_2048,4,1,0.5164513852861192
day_2048,4,1,0.6282417310608758
day_2048,4,1,0.6282417310608758
day_2048,4,1,0.6282417310608758
day_2048,4,1,0.7388170030381944
day_2048,4,1,0.21514633629057142
day_2048,4,1,0.6282417310608758
day_2048,4,1,0.6282417310608758
day_2048,4,1,0.21514633629057142
day_2048,4,1,0.7388170030381944
day_2048,4,1,0.7388170030381944
day_2048,4,1,0.5164513852861192
day_2048,4,1,0.6282417310608758
day_2048,4,1,0.21514633629057142
day_2048,4,1,0.7388170030381944
day_2048,4,1,0.7388170030381944
day_2048,4,1,0.21514633629057142
day_2048,4,1,0.7388170030381944
day_2048,4,1,0.5191299319267273
day_2048,4,1,0.5976081788539886
day_2048,4,1,0.5516655378871493
day_2048,4,1,0.4951700336403317
day_2048,4,1,0.611323893070221
day_2048,4,1,0.4951700336403317
day_2048,4,1,0.3873141076829698
day_2048,4,1,0.5191299319267273
day_2048,4,1,0.3106261177195443
day_2048,4,1,0.5207538571622636
day_2048,4,1,0.6085200806458791
day_2048,4,1,0.611323893070221
day_2048,4,1,0.884403732087877
day_2048,4,1,0.46275874310069615
day_2048,4,1,0.5329320265187157
day_2048,4,1,0.7087802158461677
day_2048,4,1,0.5067508882946439
day_2048,4,1,0.7134361333317227
day_2048,4,1,0.8616735868983798
day_2048,4,1,0.5710492663913302
day_2048,4,1,0.4773496621184879
day_2048,4,1,0.6085200806458791
day_2048,4,1,0.6987082097265456
day_2048,4,1,0.528196331527498
day_2048,4,1,0.5710492663913302
day_2048,4,1,0.5191299319267273
day_2048,4,1,0.6584235098626878
day_2048,4,1,0.731895324256685
day_2048,4,1,0.3873141076829698
day_2048,4,1,0.528196331527498
day_2048,4,1,0.3873141076829698
day_2048,4,1,0.4624537097083198
day_2048,4,1,0.6584235098626878
day_2048,4,1,0.3106261177195443
day_2048,4,1,0.5067508882946439
day_2048,4,1,0.43912973668840194
day_2048,4,1,0.38530149890316856
day_2048,4,1,0.16571962750620312
day_2048,4,1,0.8438790308104621
day_2048,4,1,0.4894293612904019
day_2048,4,1,0.16571962750620312
day_2048,4,1,0.5708679821756151
day_2048,4,1,0.7631125516361661
day_2048,4,1,0.7631125516361661
day_2048,4,1,0.5734477374288771
day_2048,4,1,0.7631125516361661
day_2048,4,1,0.6171034475167593
day_2048,4,1,0.42672279808256364
day_2048,4,1,0.16571962750620312
day_2048,4,1,0.5734477374288771
day_2048,4,1,0.4894293612904019
day_2048,4,1,0.4894293612904019
day_2048,4,1,0.5734477374288771
day_2048,4,1,0.2773524754577213
day_2048,4,1,0.4894293612904019
day_2048,4,1,0.5734477374288771
day_2048,4,1,0.42672279808256364
day_2048,4,1,0.926714281241099
day_2048,4,1,0.7631125516361661
day_2048,4,1,0.5734477374288771
day_2048,4,1,0.2773524754577213
day_2048,4,1,0.7631125516361661
day_2048,4,1,0.4894293612904019
day_2048,4,1,0.3404373659027947
day_2048,4,1,0.6983579066064622
day_2048,4,1,0.16571962750620312
day_2048,4,1,0.926714281241099
day_2048,4,1,0.926714281241099
day_2048,4,1,0.6171034475167593
day_2048,4,1,0.7631125516361661
day_2048,4,1,0.926714281241099
day_2048,4,1,0.6983579066064622
day_2048,4,1,0.4894293612904019
day_2048,4,1,0.5708679821756151
day_2048,4,1,0.7047450476222568
day_2048,4,1,0.4903093609544966
day_2048,4,1,0.7047450476222568
day_2048,4,1,0.7047450476222568
day_2048,4,1,0.5884423322147794
day_2048,4,1,0.7047450476222568
day_2048,4,1,0.5884423322147794
day_2048,4,1,0.7047450476222568
day_2048,4,1,0.5884423322147794
day_2048,4,1,0.4903093609544966
day_2048,4,1,0.7047450476222568
day_2048,4,1,0.5884423322147794
day_2048,4,1,0.7047450476222568
day_2048,4,1,0.4903093609544966
day_2048,4,1,0.5884423322147794
day_2048,4,1,0.4903093609544966
day_2048,4,1,0.4903093609544966
day_2048,4,1,0.7047450476222568
day_2048,4,1,0.7047450476222568
day_2048,4,1,0.4903093609544966
day_2048,4,1,0.7047450476222568
day_2048,4,1,0.7047450476222568
day_2048,4,1,0.7047450476222568
day_2048,4,1,0.5884423322147794
day_2048,4,1,0.7047450476222568
day_2048,4,1,0.7047450476222568
day_2048,4,1,0.5884423322147794
day_2048,4,1,0.5884423322147794
day_2048,4,1,0.5884423322147794
day_2048,4,1,0.7047450476222568
day_2048,4,1,0.5884423322147794
day_2048,4,1,0.7047450476222568
day_2048,4,1,0.4903093609544966
day_2048,4,1,0.7047450476222568
day_2048,4,1,0.5884423322147794
day_2048,4,1,0.7047450476222568
day_2048,4,1,0.4903093609544966
day_2048,4,1,0.9447120692994859
day_2048,4,1,0.9447120692994859
day_2048,4,1,0.9447120692994859
day_2048,4,1,0.9447120692994859
day_2048,4,1,0.9447120692994859
day_2048,4,1,0.9447120692994859
day_2048,4,1,0.9447120692994859
day_2048,4,1,0.9447120692994859
day_2048,4,1,0.9447120692994859
day_2048,4,1,0.9447120692994859
day_2048,4,1,0.9447120692994859
day_2048,4,1,0.9447120692994859
day_2048,4,1,0.9447120692994859
day_2048,4,1,0.9447120692994859
day_2048,4,1,0.9447120692994859
day_2048,4,1,0.9447120692994859
day_2048,4,1,0.9447120692994859
day_2048,4,1,0.9447120692994859
day_2048,4,1,0.9447120692994859
day_2048,4,1,0.9447120692994859
day_2048,4,1,0.9447120692994859
day_2048,4,1,0.9447120692994859
day_2048,4,1,0.9447120692994859
day_2048,4,1,0.9447120692994859
day_2048,4,1,0.9447120692994859
day_2048,4,1,0.9447120692994859
day_2048,4,1,0.9447120692994859
day_2048,4,1,0.9447120692994859
day_2048,4,1,0.9447120692994859
day_2048,4,1,0.9447120692994859
day_2048,4,1,0.9447120692994859
day_2048,4,1,0.9447120692994859
day_2048,4,1,0.9447120692994859
day_2048,4,1,0.9447120692994859
day_2048,4,1,0.9447120692994859
day_2048,4,1,0.9447120692994859
day_2048,4,1,0.9447120692994859
day_2048,4,1,0.535661389430364
day_2048,4,1,0.535661389430364
day_2048,4,1,0.535661389430364
day_2048,4,1,0.5458496047390832
day_2048,4,1,0.8994545737902323
day_2048,4,1,0.6345194511943393
day_2048,4,1,0.5017340646849738
day_2048,4,1,0.535661389430364
day_2048,4,1,0.5017340646849738
day_2048,4,1,0.5017340646849738
day_2048,4,1,0.6345194511943393
day_2048,4,1,0.5458496047390832
day_2048,4,1,0.30479690929253894
day_2048,4,1,0.30479690929253894
day_2048,4,1,0.6345194511943393
day_2048,4,1,0.30479690929253894
day_2048,4,1,0.6345194511943393
day_2048,4,1,0.6345194511943393
day_2048,4,1,0.5458496047390832
day_2048,4,1,0.8994545737902323
day_2048,4,1,0.5458496047390832
day_2048,4,1,0.535661389430364
day_2048,4,1,0.535661389430364
day_2048,4,1,0.46586206555366516
day_2048,4,1,0.30479690929253894
day_2048,4,1,0.535661389430364
day_2048,4,1,0.535661389430364
day_2048,4,1,0.6345194511943393
day_2048,4,1,0.46586206555366516
day_2048,4,1,0.46586206555366516
day_2048,4,1,0.46586206555366516
day_2048,4,1,0.5017340646849738
day_2048,4,1,0.535661389430364
day_2048,4,1,0.30479690929253894
day_2048,4,1,0.535661389430364
day_2048,4,1,0.8994545737902323
day_2048,4,1,0.30479690929253894
day_2048,4,1,0.21765097810162437
day_2048,4,1,0.4340495765209198
day_2048,4,1,0.3386489467488395
day_2048,4,1,0.4356724156273736
day_2048,4,1,0.37658610939979553
day_2048,4,1,0.46935314271185136
day_2048,4,1,0.747521287865109
day_2048,4,1,0.33734332687324947
day_2048,4,1,0.4340495765209198
day_2048,4,1,0.5600147048632304
day_2048,4,1,0.218943758143319
day_2048,4,1,0.218943758143319
day_2048,4,1,0.218943758143319
day_2048,4,1,0.218943758143319
day_2048,4,1,0.6383571989006467
day_2048,4,1,0.4340495765209198
day_2048,4,1,0.4088204370604621
day_2048,4,1,0.46935314271185136
day_2048,4,1,0.33734332687324947
day_2048,4,1,0.5600147048632304
day_2048,4,1,0.31159980760680306
day_2048,4,1,0.218943758143319
day_2048,4,1,0.33734332687324947
day_2048,4,1,0.6383571989006467
day_2048,4,1,0.39392870830165017
day_2048,4,1,0.9237135847409567
day_2048,4,1,0.39392870830165017
day_2048,4,1,0.4356724156273736
day_2048,4,1,0.4088204370604621
day_2048,4,1,0.4088204370604621
day_2048,4,1,0.33734332687324947
day_2048,4,1,0.21086975435415903
day_2048,4,1,0.747521287865109
day_2048,4,1,0.6774902807341682
day_2048,4,1,0.31159980760680306
day_2048,4,1,0.4088204370604621
day_2048,4,1,0.5600147048632304
day_2048,4,1,0.4836588369475471
day_2048,4,1,0.4092339475949605
day_2048,4,1,0.4836588369475471
day_2048,4,1,0.8515357706281874
day_2048,4,1,0.4092339475949605
day_2048,4,1,0.5074947741296556
day_2048,4,1,0.5074947741296556
day_2048,4,1,0.8515357706281874
day_2048,4,1,0.8091342250506083
day_2048,4,1,0.8515357706281874
day_2048,4,1,0.8091342250506083
day_2048,4,1,0.5074947741296556
day_2048,4,1,0.5074947741296556
day_2048,4,1,0.3487435413731469
day_2048,4,1,0.3487435413731469
day_2048,4,1,0.4092339475949605
day_2048,4,1,0.8515357706281874
day_2048,4,1,0.8091342250506083
day_2048,4,1,0.44663842850261265
day_2048,4,1,0.4836588369475471
day_2048,4,1,0.5074947741296556
day_2048,4,1,0.4836588369475471
day_2048,4,1,0.3487435413731469
day_2048,4,1,0.3487435413731469
day_2048,4,1,0.44663842850261265
day_2048,4,1,0.3487435413731469
day_2048,4,1,0.4836588369475471
day_2048,4,1,0.5750577449798584
day_2048,4,1,0.8515357706281874
day_2048,4,1,0.5750577449798584
day_2048,4,1,0.8515357706281874
day_2048,4,1,0.40093378225962323
day_2048,4,1,0.5074947741296556
day_2048,4,1,0.44663842850261265
day_2048,4,1,0.3487435413731469
day_2048,4,1,0.4836588369475471
day_2048,4,1,0.8515357706281874
day_2048,4,1,0.7352865205870734
day_2048,4,1,0.7639161149660746
day_2048,4,1,0.19978254205650753
day_2048,4,1,0.34189366632037693
day_2048,4,1,0.5327109926276736
day_2048,4,1,0.18804553896188736
day_2048,4,1,0.6075711250305176
day_2048,4,1,0.48678069975641036
day_2048,4,1,0.7352865205870734
day_2048,4,1,0.7569683326615227
day_2048,4,1,0.5327109926276736
day_2048,4,1,0.855019231637319
day_2048,4,1,0.2700492954916424
day_2048,4,1,0.44347868031925625
day_2048,4,1,0.7639161149660746
day_2048,4,1,0.5479351580142975
day_2048,4,1,0.8236008154021369
day_2048,4,1,0.7957449091805352
day_2048,4,1,0.3515220168564055
day_2048,4,1,0.7639161149660746
day_2048,4,1,0.34189366632037693
day_2048,4,1,0.5327109926276736
day_2048,4,1,0.7569683326615227
day_2048,4,1,0.7569683326615227
day_2048,4,1,0.19978254205650753
day_2048,4,1,0.34189366632037693
day_2048,4,1,0.7352865205870734
day_2048,4,1,0.48678069975641036
day_2048,4,1,0.6075711250305176
day_2048,4,1,0.7957449091805352
day_2048,4,1,0.8236008154021369
day_2048,4,1,0.19978254205650753
day_2048,4,1,0.855019231637319
day_2048,4,1,0.5327109926276736
day_2048,4,1,0.7569683326615227
day_2048,4,1,0.2700492954916424
day_2048,4,1,0.5327109926276736
day_2048,4,1,0.9634915325376723
day_2048,4,1,0.9634915325376723
day_2048,4,1,0.9634915325376723
day_2048,4,1,0.9634915325376723
day_2048,4,1,0.9634915325376723
day_2048,4,1,0.9634915325376723
day_2048,4,1,0.9634915325376723
day_2048,4,1,0.9634915325376723
day_2048,4,1,0.9634915325376723
day_2048,4,1,0.9634915325376723
day_2048,4,1,0.9634915325376723
day_2048,4,1,0.9634915325376723
day_2048,4,1,0.9634915325376723
day_2048,4,1,0.9634915325376723
day_2048,4,1,0.9634915325376723
day_2048,4,1,0.9634915325376723
day_2048,4,1,0.9634915325376723
day_2048,4,1,0.9634915325376723
day_2048,4,1,0.9634915325376723
day_2048,4,1,0.9634915325376723
day_2048,4,1,0.9634915325376723
day_2048,4,1,0.9634915325376723
day_2048,4,1,0.9634915325376723
day_2048,4,1,0.9634915325376723
day_2048,4,1,0.9634915325376723
day_2048,4,1,0.9634915325376723
day_2048,4,1,0.9634915325376723
day_2048,4,1,0.9634915325376723
day_2048,4,1,0.9634915325376723
day_2048,4,1,0.9634915325376723
day_2048,4,1,0.9634915325376723
day_2048,4,1,0.9634915325376723
day_2048,4,1,0.9634915325376723
day_2048,4,1,0.9634915325376723
day_2048,4,1,0.9634915325376723
day_2048,4,1,0.9634915325376723
day_2048,4,1,0.9634915325376723
day_2048,4,1,0.6398081713252597
day_2048,4,1,0.8240045110384623
day_2048,4,1,0.3098762465847863
day_2048,4,1,0.6398081713252597
day_2048,4,1,0.6398081713252597
day_2048,4,1,0.8240045110384623
day_2048,4,1,0.4449339674578773
day_2048,4,1,0.8240045110384623
day_2048,4,1,0.4449339674578773
day_2048,4,1,0.8240045110384623
day_2048,4,1,0.2701473534107208
day_2048,4,1,0.2701473534107208
day_2048,4,1,0.2701473534107208
day_2048,4,1,0.6398081713252597
day_2048,4,1,0.4449339674578773
day_2048,4,1,0.2701473534107208
day_2048,4,1,0.2701473534107208
day_2048,4,1,0.8240045110384623
day_2048,4,1,0.2701473534107208
day_2048,4,1,0.4449339674578773
day_2048,4,1,0.4449339674578773
day_2048,4,1,0.2701473534107208
day_2048,4,1,0.8240045110384623
day_2048,4,1,0.3098762465847863
day_2048,4,1,0.4449339674578773
day_2048,4,1,0.2701473534107208
day_2048,4,1,0.3098762465847863
day_2048,4,1,0.3098762465847863
day_2048,4,1,0.6398081713252597
day_2048,4,1,0.4449339674578773
day_2048,4,1,0.6398081713252597
day_2048,4,1,0.8240045110384623
day_2048,4,1,0.2701473534107208
day_2048,4,1,0.6398081713252597
day_2048,4,1,0.4449339674578773
day_2048,4,1,0.6398081713252597
day_2048,4,1,0.3098762465847863
day_2048,4,1,0.2186620814932717
day_2048,4,1,0.22091983755429587
day_2048,4,1,0.5054594046539731
day_2048,4,1,0.3767516083187527
day_2048,4,1,0.4482447902361552
day_2048,4,1,0.42556951774491203
day_2048,4,1,0.6359939906332228
day_2048,4,1,0.6359939906332228
day_2048,4,1,0.2186620814932717
day_2048,4,1,0.2530323730574714
day_2048,4,1,0.45365093151728314
day_2048,4,1,0.5709266795052422
day_2048,4,1,0.5709266795052422
day_2048,4,1,0.3767516083187527
day_2048,4,1,0.3900110721588135
day_2048,4,1,0.6408761209911771
day_2048,4,1,0.3767516083187527
day_2048,4,1,0.5054594046539731
day_2048,4,1,0.22091983755429587
day_2048,4,1,0.3900110721588135
day_2048,4,1,0.2267826944589615
day_2048,4,1,0.6093082196182675
day_2048,4,1,0.6038502852121989
day_2048,4,1,0.4482447902361552
day_2048,4,1,0.2267826944589615
day_2048,4,1,0.5054594046539731
day_2048,4,1,0.3767516083187527
day_2048,4,1,0.2530323730574714
day_2048,4,1,0.3506009578704834
day_2048,4,1,0.4482447902361552
day_2048,4,1,0.2530323730574714
day_2048,4,1,0.2267826944589615
day_2048,4,1,0.6359939906332228
day_2048,4,1,0.42556951774491203
day_2048,4,1,0.22091983755429587
day_2048,4,1,0.3506009578704834
day_2048,4,1,0.42556951774491203
day_2048,4,1,0.7543482449319627
day_2048,4,1,0.1835856760541598
day_2048,4,1,0.308102591170205
day_2048,4,1,0.6288719839519925
day_2048,4,1,0.20821475982666016
day_2048,4,1,0.32752341363165116
day_2048,4,1,0.5929596390989091
day_2048,4,1,0.37884000771575504
day_2048,4,1,0.32752341363165116
day_2048,4,1,0.43232264783647323
day_2048,4,1,0.21570184495713976
day_2048,4,1,0.26128337118360734
day_2048,4,1,0.6922101047303941
day_2048,4,1,0.49955709444151986
day_2048,4,1,0.1835856760541598
day_2048,4,1,0.6407679186926948
day_2048,4,1,0.5294467608133951
day_2048,4,1,0.41981618271933663
day_2048,4,1,0.3452832069661882
day_2048,4,1,0.3420874923467636
day_2048,4,1,0.7149072090784708
day_2048,4,1,0.5294467608133951
day_2048,4,1,0.7543482449319627
day_2048,4,1,0.6228366759088304
day_2048,4,1,0.5548517405986786
day_2048,4,1,0.6866951319906447
day_2048,4,1,0.3793537351820204
day_2048,4,1,0.43232264783647323
day_2048,4,1,0.49955709444151986
day_2048,4,1,0.6288719839519925
day_2048,4,1,0.607382638586892
day_2048,4,1,0.21570184495713976
day_2048,4,1,0.21570184495713976
day_2048,4,1,0.5929596390989091
day_2048,4,1,0.49955709444151986
day_2048,4,1,0.7543482449319627
day_2048,4,1,0.607382638586892
day_2048,4,1,0.5117070608668857
day_2048,4,1,0.45078954100608826
day_2048,4,1,0.5593218041790856
day_2048,4,1,0.8104407588640848
day_2048,4,1,0.6577319469716814
day_2048,4,1,0.6631897025638156
day_2048,4,1,0.6491039494673411
day_2048,4,1,0.8104407588640848
day_2048,4,1,0.45078954100608826
day_2048,4,1,0.45770343475871617
day_2048,4,1,0.5117070608668857
day_2048,4,1,0.29152819514274597
day_2048,4,1,0.6577319469716814
day_2048,4,1,0.7641077836354574
day_2048,4,1,0.6631897025638156
day_2048,4,1,0.29152819514274597
day_2048,4,1,0.45078954100608826
day_2048,4,1,0.7641077836354574
day_2048,4,1,0.6470184127489725
day_2048,4,1,0.36895039677619934
day_2048,4,1,0.29152819514274597
day_2048,4,1,0.6470184127489725
day_2048,4,1,0.45770343475871617
day_2048,4,1,0.45770343475871617
day_2048,4,1,0.7641077836354574
day_2048,4,1,0.5593218041790856
day_2048,4,1,0.4076838559574551
day_2048,4,1,0.7641077836354574
day_2048,4,1,0.6375355985429552
day_2048,4,1,0.6491039494673411
day_2048,4,1,0.45770343475871617
day_2048,4,1,0.45078954100608826
day_2048,4,1,0.8104407588640848
day_2048,4,1,0.8104407588640848
day_2048,4,1,0.6375355985429552
day_2048,4,1,0.36895039677619934
day_2048,4,1,0.5593218041790856
day_2048,4,1,0.36965364548895097
day_2048,4,1,0.36965364548895097
day_2048,4,1,0.36965364548895097
day_2048,4,1,0.36965364548895097
day_2048,4,1,0.36965364548895097
day_2048,4,1,0.36965364548895097
day_2048,4,1,0.36965364548895097
day_2048,4,1,0.36965364548895097
day_2048,4,1,0.36965364548895097
day_2048,4,1,0.36965364548895097
day_2048,4,1,0.36965364548895097
day_2048,4,1,0.36965364548895097
day_2048,4,1,0.36965364548895097
day_2048,4,1,0.36965364548895097
day_2048,4,1,0.36965364548895097
day_2048,4,1,0.36965364548895097
day_2048,4,1,0.36965364548895097
day_2048,4,1,0.36965364548895097
day_2048,4,1,0.36965364548895097
day_2048,4,1,0.36965364548895097
day_2048,4,1,0.36965364548895097
day_2048,4,1,0.36965364548895097
day_2048,4,1,0.36965364548895097
day_2048,4,1,0.36965364548895097
day_2048,4,1,0.36965364548895097
day_2048,4,1,0.36965364548895097
day_2048,4,1,0.36965364548895097
day_2048,4,1,0.36965364548895097
day_2048,4,1,0.36965364548895097
day_2048,4,1,0.36965364548895097
day_2048,4,1,0.36965364548895097
day_2048,4,1,0.36965364548895097
day_2048,4,1,0.36965364548895097
day_2048,4,1,0.36965364548895097
day_2048,4,1,0.36965364548895097
day_2048,4,1,0.36965364548895097
day_2048,4,1,0.36965364548895097
day_2048,4,1,0.48974501093228656
day_2048,4,1,0.7538848254415724
day_2048,4,1,0.48974501093228656
day_2048,4,1,0.7538848254415724
day_2048,4,1,0.3972831649912728
day_2048,4,1,0.3972831649912728
day_2048,4,1,0.48974501093228656
day_2048,4,1,0.3972831649912728
day_2048,4,1,0.3972831649912728
day_2048,4,1,0.3972831649912728
day_2048,4,1,0.48974501093228656
day_2048,4,1,0.3972831649912728
day_2048,4,1,0.7538848254415724
day_2048,4,1,0.48974501093228656
day_2048,4,1,0.7538848254415724
day_2048,4,1,0.48974501093228656
day_2048,4,1,0.48974501093228656
day_2048,4,1,0.48974501093228656
day_2048,4,1,0.7538848254415724
day_2048,4,1,0.7538848254415724
day_2048,4,1,0.48974501093228656
day_2048,4,1,0.7538848254415724
day_2048,4,1,0.7538848254415724
day_2048,4,1,0.48974501093228656
day_2048,4,1,0.48974501093228656
day_2048,4,1,0.7538848254415724
day_2048,4,1,0.7538848254415724
day_2048,4,1,0.3972831649912728
day_2048,4,1,0.3972831649912728
day_2048,4,1,0.7538848254415724
day_2048,4,1,0.7538848254415724
day_2048,4,1,0.7538848254415724
day_2048,4,1,0.7538848254415724
day_2048,4,1,0.7538848254415724
day_2048,4,1,0.7538848254415724
day_2048,4,1,0.48974501093228656
day_2048,4,1,0.7538848254415724
day_2048,4,1,0.645531588130527
day_2048,4,1,0.4454907476902008
day_2048,4,1,0.645531588130527
day_2048,4,1,0.645531588130527
day_2048,4,1,0.4691958162519667
day_2048,4,1,0.4691958162519667
day_2048,4,1,0.4865947696897719
day_2048,4,1,0.7833313875728183
day_2048,4,1,0.6288851698239645
day_2048,4,1,0.4454907476902008
day_2048,4,1,0.4865947696897719
day_2048,4,1,0.6288851698239645
day_2048,4,1,0.7874827848540412
day_2048,4,1,0.7727182242605422
day_2048,4,1,0.4865947696897719
day_2048,4,1,0.8760805196232266
day_2048,4,1,0.7874827848540412
day_2048,4,1,0.5172133669257164
day_2048,4,1,0.596322109301885
day_2048,4,1,0.7874827848540412
day_2048,4,1,0.7833313875728183
day_2048,4,1,0.7874827848540412
day_2048,4,1,0.7833313875728183
day_2048,4,1,0.596322109301885
day_2048,4,1,0.4691958162519667
day_2048,4,1,0.4865947696897719
day_2048,4,1,0.5870630741119385
day_2048,4,1,0.7833313875728183
day_2048,4,1,0.7727182242605422
day_2048,4,1,0.4691958162519667
day_2048,4,1,0.596322109301885
day_2048,4,1,0.4865947696897719
day_2048,4,1,0.645531588130527
day_2048,4,1,0.6288851698239645
day_2048,4,1,0.4865947696897719
day_2048,4,1,0.6590799358155992
day_2048,4,1,0.6590799358155992
day_2048,4,1,0.6324101520909203
day_2048,4,1,0.9016408191786872
day_2048,4,1,0.4943340884314643
day_2048,4,1,0.6324101520909203
day_2048,4,1,0.7465241352717081
day_2048,4,1,0.7465241352717081
day_2048,4,1,0.9016408191786872
day_2048,4,1,0.9016408191786872
day_2048,4,1,0.9016408191786872
day_2048,4,1,0.4943340884314643
day_2048,4,1,0.4943340884314643
day_2048,4,1,0.9016408191786872
day_2048,4,1,0.9016408191786872
day_2048,4,1,0.6324101520909203
day_2048,4,1,0.9016408191786872
day_2048,4,1,0.7465241352717081
day_2048,4,1,0.4943340884314643
day_2048,4,1,0.7465241352717081
day_2048,4,1,0.4943340884314643
day_2048,4,1,0.4943340884314643
day_2048,4,1,0.9016408191786872
day_2048,4,1,0.4943340884314643
day_2048,4,1,0.6324101520909203
day_2048,4,1,0.6324101520909203
day_2048,4,1,0.7465241352717081
day_2048,4,1,0.9016408191786872
day_2048,4,1,0.9016408191786872
day_2048,4,1,0.4943340884314643
day_2048,4,1,0.4943340884314643
day_2048,4,1,0.6324101520909203
day_2048,4,1,0.6324101520909203
day_2048,4,1,0.7465241352717081
day_2048,4,1,0.7465241352717081
day_2048,4,1,0.7465241352717081
day_2048,4,1,0.6324101520909203
day_2048,4,1,0.9016408191786872
day_2048,4,1,0.7465241352717081
day_2048,4,1,0.7070811655786302
day_2048,4,1,0.7070811655786302
day_2048,4,1,0.7070811655786302
day_2048,4,1,0.7070811655786302
day_2048,4,1,0.7070811655786302
day_2048,4,1,0.7070811655786302
day_2048,4,1,0.7070811655786302
day_2048,4,1,0.7070811655786302
day_2048,4,1,0.7070811655786302
day_2048,4,1,0.7070811655786302
day_2048,4,1,0.7070811655786302
day_2048,4,1,0.7070811655786302
day_2048,4,1,0.7070811655786302
day_2048,4,1,0.7070811655786302
day_2048,4,1,0.7070811655786302
day_2048,4,1,0.7070811655786302
day_2048,4,1,0.7070811655786302
day_2048,4,1,0.7070811655786302
day_2048,4,1,0.7070811655786302
day_2048,4,1,0.7070811655786302
day_2048,4,1,0.7070811655786302
day_2048,4,1,0.7070811655786302
day_2048,4,1,0.7070811655786302
day_2048,4,1,0.7070811655786302
day_2048,4,1,0.7070811655786302
day_2048,4,1,0.7070811655786302
day_2048,4,1,0.7070811655786302
day_2048,4,1,0.7070811655786302
day_2048,4,1,0.7070811655786302
day_2048,4,1,0.7070811655786302
day_2048,4,1,0.7070811655786302
day_2048,4,1,0.7070811655786302
day_2048,4,1,0.7070811655786302
day_2048,4,1,0.7070811655786302
day_2048,4,1,0.7070811655786302
day_2048,4,1,0.7070811655786302
day_2048,4,1,0.7070811655786302
day_2048,4,1,0.6043244633409712
day_2048,4,1,0.5576238301065233
day_2048,4,1,0.23230288757218254
day_2048,4,1,0.38021870454152423
day_2048,4,1,0.5576238301065233
day_2048,4,1,0.6043244633409712
day_2048,4,1,0.5611067811648051
day_2048,4,1,0.26379404548141694
day_2048,4,1,0.23230288757218254
day_2048,4,1,0.5576238301065233
day_2048,4,1,0.26379404548141694
day_2048,4,1,0.38021870454152423
day_2048,4,1,0.41049129598670536
day_2048,4,1,0.5030327604876624
day_2048,4,1,0.6043244633409712
day_2048,4,1,0.45015779468748307
day_2048,4,1,0.5636371175448099
day_2048,4,1,0.23230288757218254
day_2048,4,1,0.23230288757218254
day_2048,4,1,0.23230288757218254
day_2048,4,1,0.23230288757218254
day_2048,4,1,0.5030327604876624
day_2048,4,1,0.26379404548141694
day_2048,4,1,0.390770071082645
day_2048,4,1,0.5030327604876624
day_2048,4,1,0.3337833368115955
day_2048,4,1,0.5030327604876624
day_2048,4,1,0.5030327604876624
day_2048,4,1,0.3337833368115955
day_2048,4,1,0.3337833368115955
day_2048,4,1,0.5030327604876624
day_2048,4,1,0.38021870454152423
day_2048,4,1,0.5030327604876624
day_2048,4,1,0.41049129598670536
day_2048,4,1,0.41049129598670536
day_2048,4,1,0.5030327604876624
day_2048,4,1,0.3337833368115955
day_2048,4,1,0.47672875059975517
day_2048,4,1,0.8078291548622979
day_2048,4,1,0.47672875059975517
day_2048,4,1,0.8078291548622979
day_2048,4,1,0.47672875059975517
day_2048,4,1,0.47672875059975517
day_2048,4,1,0.8078291548622979
day_2048,4,1,0.8078291548622979
day_2048,4,1,0.47672875059975517
day_2048,4,1,0.47672875059975517
day_2048,4,1,0.47672875059975517
day_2048,4,1,0.8078291548622979
day_2048,4,1,0.8078291548622979
day_2048,4,1,0.47672875059975517
day_2048,4,1,0.47672875059975517
day_2048,4,1,0.47672875059975517
day_2048,4,1,0.8078291548622979
day_2048,4,1,0.47672875059975517
day_2048,4,1,0.47672875059975517
day_2048,4,1,0.8078291548622979
day_2048,4,1,0.47672875059975517
day_2048,4,1,0.8078291548622979
day_2048,4,1,0.8078291548622979
day_2048,4,1,0.47672875059975517
day_2048,4,1,0.47672875059975517
day_2048,4,1,0.8078291548622979
day_2048,4,1,0.47672875059975517
day_2048,4,1,0.47672875059975517
day_2048,4,1,0.47672875059975517
day_2048,4,1,0.47672875059975517
day_2048,4,1,0.47672875059975517
day_2048,4,1,0.47672875059975517
day_2048,4,1,0.47672875059975517
day_2048,4,1,0.47672875059975517
day_2048,4,1,0.47672875059975517
day_2048,4,1,0.8078291548622979
day_2048,4,1,0.8078291548622979
day_2048,4,1,0.7383910947375827
day_2048,4,1,0.7888447112507291
day_2048,4,1,0.4517524407969581
day_2048,4,1,0.4329281217522091
day_2048,4,1,0.7888447112507291
day_2048,4,1,0.7227266099717882
day_2048,4,1,0.4517524407969581
day_2048,4,1,0.7227266099717882
day_2048,4,1,0.5750724805725945
day_2048,4,1,0.4517524407969581
day_2048,4,1,0.7383910947375827
day_2048,4,1,0.7888447112507291
day_2048,4,1,0.5750724805725945
day_2048,4,1,0.36953988009028965
day_2048,4,1,0.22093264675802654
day_2048,4,1,0.22093264675802654
day_2048,4,1,0.5348903073204888
day_2048,4,1,0.7383910947375827
day_2048,4,1,0.4517524407969581
day_2048,4,1,0.7383910947375827
day_2048,4,1,0.7227266099717882
day_2048,4,1,0.4329281217522091
day_2048,4,1,0.36953988009028965
day_2048,4,1,0.36953988009028965
day_2048,4,1,0.7383910947375827
day_2048,4,1,0.5348903073204888
day_2048,4,1,0.5750724805725945
day_2048,4,1,0.36953988009028965
day_2048,4,1,0.7888447112507291
day_2048,4,1,0.7888447112507291
day_2048,4,1,0.5348903073204888
day_2048,4,1,0.7227266099717882
day_2048,4,1,0.7383910947375827
day_2048,4,1,0.7227266099717882
day_2048,4,1,0.5750724805725945
day_2048,4,1,0.5348903073204888
day_2048,4,1,0.7888447112507291
day_2048,4,1,0.5631687508689033
day_2048,4,1,0.5229816834131876
day_2048,4,1,0.5229816834131876
day_2048,4,1,0.6862848069932725
day_2048,4,1,0.8901900053024292
day_2048,4,1,0.6862848069932725
day_2048,4,1,0.8901900053024292
day_2048,4,1,0.5631687508689033
day_2048,4,1,0.9218248195118375
day_2048,4,1,0.9218248195118375
day_2048,4,1,0.5631687508689033
day_2048,4,1,0.9218248195118375
day_2048,4,1,0.5631687508689033
day_2048,4,1,0.7075644731521606
day_2048,4,1,0.9218248195118375
day_2048,4,1,0.9218248195118375
day_2048,4,1,0.5229816834131876
day_2048,4,1,0.7075644731521606
day_2048,4,1,0.8901900053024292
day_2048,4,1,0.5229816834131876
day_2048,4,1,0.7075644731521606
day_2048,4,1,0.8901900053024292
day_2048,4,1,0.9218248195118375
day_2048,4,1,0.7075644731521606
day_2048,4,1,0.5631687508689033
day_2048,4,1,0.8901900053024292
day_2048,4,1,0.9218248195118375
day_2048,4,1,0.7075644731521606
day_2048,4,1,0.7075644731521606
day_2048,4,1,0.7075644731521606
day_2048,4,1,0.7075644731521606
day_2048,4,1,0.8901900053024292
day_2048,4,1,0.8901900053024292
day_2048,4,1,0.9218248195118375
day_2048,4,1,0.7075644731521606
day_2048,4,1,0.6862848069932725
day_2048,4,1,0.5229816834131876
day_2048,4,1,0.5617802441120148
day_2048,4,1,0.7470704714457194
day_2048,4,1,0.6545729107326932
day_2048,4,1,0.7100518147150675
day_2048,4,1,0.551946759223938
day_2048,4,1,0.6323000854916043
day_2048,4,1,0.5617802441120148
day_2048,4,1,0.6545729107326932
day_2048,4,1,0.5617802441120148
day_2048,4,1,0.551946759223938
day_2048,4,1,0.5617802441120148
day_2048,4,1,0.5617802441120148
day_2048,4,1,0.5617802441120148
day_2048,4,1,0.6545729107326932
day_2048,4,1,0.7100518147150675
day_2048,4,1,0.7100518147150675
day_2048,4,1,0.7470704714457194
day_2048,4,1,0.5617802441120148
day_2048,4,1,0.551946759223938
day_2048,4,1,0.5617802441120148
day_2048,4,1,0.5617802441120148
day_2048,4,1,0.6545729107326932
day_2048,4,1,0.551946759223938
day_2048,4,1,0.244964556561576
day_2048,4,1,0.6813374757766724
day_2048,4,1,0.7100518147150675
day_2048,4,1,0.551946759223938
day_2048,4,1,0.6545729107326932
day_2048,4,1,0.5617802441120148
day_2048,4,1,0.7100518147150675
day_2048,4,1,0.6813374757766724
day_2048,4,1,0.551946759223938
day_2048,4,1,0.5617802441120148
day_2048,4,1,0.244964556561576
day_2048,4,1,0.7470704714457194
day_2048,4,1,0.244964556561576
day_2048,4,1,0.244964556561576
day_2048,4,1,0.896003782749176
day_2048,4,1,0.896003782749176
day_2048,4,1,0.896003782749176
day_2048,4,1,0.896003782749176
day_2048,4,1,0.896003782749176
day_2048,4,1,0.896003782749176
day_2048,4,1,0.896003782749176
day_2048,4,1,0.896003782749176
day_2048,4,1,0.896003782749176
day_2048,4,1,0.896003782749176
day_2048,4,1,0.896003782749176
day_2048,4,1,0.896003782749176
day_2048,4,1,0.896003782749176
day_2048,4,1,0.896003782749176
day_2048,4,1,0.896003782749176
day_2048,4,1,0.896003782749176
day_2048,4,1,0.896003782749176
day_2048,4,1,0.896003782749176
day_2048,4,1,0.896003782749176
day_2048,4,1,0.896003782749176
day_2048,4,1,0.896003782749176
day_2048,4,1,0.896003782749176
day_2048,4,1,0.896003782749176
day_2048,4,1,0.896003782749176
day_2048,4,1,0.896003782749176
day_2048,4,1,0.896003782749176
day_2048,4,1,0.896003782749176
day_2048,4,1,0.896003782749176
day_2048,4,1,0.896003782749176
day_2048,4,1,0.896003782749176
day_2048,4,1,0.896003782749176
day_2048,4,1,0.896003782749176
day_2048,4,1,0.896003782749176
day_2048,4,1,0.896003782749176
day_2048,4,1,0.896003782749176
day_2048,4,1,0.896003782749176
day_2048,4,1,0.896003782749176
day_2048,4,1,0.6344087753030989
day_2048,4,1,0.3020818399058448
day_2048,4,1,0.41731610894203186
day_2048,4,1,0.5706324213080936
day_2048,4,1,0.38098160922527313
day_2048,4,1,0.3185278707080417
day_2048,4,1,0.3275115638971329
day_2048,4,1,0.5584233005841573
day_2048,4,1,0.3020818399058448
day_2048,4,1,0.5584233005841573
day_2048,4,1,0.3185278707080417
day_2048,4,1,0.6428641511334313
day_2048,4,1,0.6344087753030989
day_2048,4,1,0.3020818399058448
day_2048,4,1,0.6344087753030989
day_2048,4,1,0.6344087753030989
day_2048,4,1,0.3275115638971329
day_2048,4,1,0.576811992459827
day_2048,4,1,0.6344087753030989
day_2048,4,1,0.41731610894203186
day_2048,4,1,0.6467695169978671
day_2048,4,1,0.6428641511334313
day_2048,4,1,0.5584233005841573
day_2048,4,1,0.3275115638971329
day_2048,4,1,0.3831208613183763
day_2048,4,1,0.38098160922527313
day_2048,4,1,0.6467695169978671
day_2048,4,1,0.6467695169978671
day_2048,4,1,0.576811992459827
day_2048,4,1,0.7470000187555949
day_2048,4,1,0.6344087753030989
day_2048,4,1,0.5706324213080936
day_2048,4,1,0.6428641511334313
day_2048,4,1,0.6344087753030989
day_2048,4,1,0.7470000187555949
day_2048,4,1,0.47623612814479405
day_2048,4,1,0.38098160922527313
day_2048,4,1,0.6323243843184577
day_2048,4,1,0.8085535499784682
day_2048,4,1,0.34383994506465065
day_2048,4,1,0.34383994506465065
day_2048,4,1,0.5691864689191183
day_2048,4,1,0.36317747334639233
day_2048,4,1,0.6640129817856683
day_2048,4,1,0.34383994506465065
day_2048,4,1,0.7570412622557746
day_2048,4,1,0.36317747334639233
day_2048,4,1,0.7570412622557746
day_2048,4,1,0.3647976534234153
day_2048,4,1,0.47855454352166915
day_2048,4,1,0.7710008356306288
day_2048,4,1,0.34383994506465065
day_2048,4,1,0.7727830211321512
day_2048,4,1,0.5691864689191183
day_2048,4,1,0.741477025879754
day_2048,4,1,0.7570412622557746
day_2048,4,1,0.5691864689191183
day_2048,4,1,0.34383994506465065
day_2048,4,1,0.741477025879754
day_2048,4,1,0.47855454352166915
day_2048,4,1,0.6323243843184577
day_2048,4,1,0.4296125008000268
day_2048,4,1,0.5691864689191183
day_2048,4,1,0.741477025879754
day_2048,4,1,0.5691864689191183
day_2048,4,1,0.3647976534234153
day_2048,4,1,0.7727830211321512
day_2048,4,1,0.47855454352166915
day_2048,4,1,0.8085535499784682
day_2048,4,1,0.7570412622557746
day_2048,4,1,0.7710008356306288
day_2048,4,1,0.36317747334639233
day_2048,4,1,0.36317747334639233
day_2048,4,1,0.7727830211321512
day_2048,4,1,0.3923488259315491
day_2048,4,1,0.1400035959151056
day_2048,4,1,0.6942894326315986
day_2048,4,1,0.3647389892074797
day_2048,4,1,0.35819654663403827
day_2048,4,1,0.6942894326315986
day_2048,4,1,0.6198597550392151
day_2048,4,1,0.7565202249421014
day_2048,4,1,0.23139427436722648
day_2048,4,1,0.7565202249421014
day_2048,4,1,0.3929464601808124
day_2048,4,1,0.49377992418077254
day_2048,4,1,0.6942894326315986
day_2048,4,1,0.35819654663403827
day_2048,4,1,0.6942894326315986
day_2048,4,1,0.3929464601808124
day_2048,4,1,0.5183896356158786
day_2048,4,1,0.49377992418077254
day_2048,4,1,0.23139427436722648
day_2048,4,1,0.6198597550392151
day_2048,4,1,0.5183896356158786
day_2048,4,1,0.6483346753650241
day_2048,4,1,0.3929464601808124
day_2048,4,1,0.3923488259315491
day_2048,4,1,0.7565202249421014
day_2048,4,1,0.3647389892074797
day_2048,4,1,0.7565202249421014
day_2048,4,1,0.7565202249421014
day_2048,4,1,0.6198597550392151
day_2048,4,1,0.23139427436722648
day_2048,4,1,0.23139427436722648
day_2048,4,1,0.6483346753650241
day_2048,4,1,0.49377992418077254
day_2048,4,1,0.6942894326315986
day_2048,4,1,0.7565202249421014
day_2048,4,1,0.6483346753650241
day_2048,4,1,0.23139427436722648
day_2048,4,1,0.3772411263651318
day_2048,4,1,0.6856335798899332
day_2048,4,1,0.6856335798899332
day_2048,4,1,0.7320082717471652
day_2048,4,1,0.2982156144248115
day_2048,4,1,0.26294662223921883
day_2048,4,1,0.5396679374906752
day_2048,4,1,0.7320082717471652
day_2048,4,1,0.26294662223921883
day_2048,4,1,0.5396679374906752
day_2048,4,1,0.5396679374906752
day_2048,4,1,0.5396679374906752
day_2048,4,1,0.5396679374906752
day_2048,4,1,0.5396679374906752
day_2048,4,1,0.3772411263651318
day_2048,4,1,0.26294662223921883
day_2048,4,1,0.26294662223921883
day_2048,4,1,0.2982156144248115
day_2048,4,1,0.2982156144248115
day_2048,4,1,0.5396679374906752
day_2048,4,1,0.26294662223921883
day_2048,4,1,0.3772411263651318
day_2048,4,1,0.6483559442891015
day_2048,4,1,0.6856335798899332
day_2048,4,1,0.6483559442891015
day_2048,4,1,0.2982156144248115
day_2048,4,1,0.5396679374906752
day_2048,4,1,0.6856335798899332
day_2048,4,1,0.26294662223921883
day_2048,4,1,0.5396679374906752
day_2048,4,1,0.6856335798899332
day_2048,4,1,0.26294662223921883
day_2048,4,1,0.3772411263651318
day_2048,4,1,0.5396679374906752
day_2048,4,1,0.5396679374906752
day_2048,4,1,0.3772411263651318
day_2048,4,1,0.26294662223921883
day_2048,4,1,0.503057579199473
day_2048,4,1,0.2271067417330212
day_2048,4,1,0.2271067417330212
day_2048,4,1,0.503057579199473
day_2048,4,1,0.3234967092672984
day_2048,4,1,0.2271067417330212
day_2048,4,1,0.7356122467252943
day_2048,4,1,0.2271067417330212
day_2048,4,1,0.2271067417330212
day_2048,4,1,0.6884192691908942
day_2048,4,1,0.7356122467252943
day_2048,4,1,0.503057579199473
day_2048,4,1,0.7356122467252943
day_2048,4,1,0.2271067417330212
day_2048,4,1,0.3234967092672984
day_2048,4,1,0.9527016745673286
day_2048,4,1,0.9512085119883219
day_2048,4,1,0.503057579199473
day_2048,4,1,0.2271067417330212
day_2048,4,1,0.9527016745673286
day_2048,4,1,0.2271067417330212
day_2048,4,1,0.6884192691908942
day_2048,4,1,0.503057579199473
day_2048,4,1,0.3234967092672984
day_2048,4,1,0.2271067417330212
day_2048,4,1,0.9527016745673286
day_2048,4,1,0.2271067417330212
day_2048,4,1,0.9512085119883219
day_2048,4,1,0.48766397105322945
day_2048,4,1,0.9527016745673286
day_2048,4,1,0.3234967092672984
day_2048,4,1,0.3234967092672984
day_2048,4,1,0.2271067417330212
day_2048,4,1,0.503057579199473
day_2048,4,1,0.9527016745673286
day_2048,4,1,0.6884192691908942
day_2048,4,1,0.2271067417330212
day_2048,4,1,0.8059297800064087
day_2048,4,1,0.6674372222688463
day_2048,4,1,0.8059297800064087
day_2048,4,1,0.6674372222688463
day_2048,4,1,0.6674372222688463
day_2048,4,1,0.6674372222688463
day_2048,4,1,0.6674372222688463
day_2048,4,1,0.6674372222688463
day_2048,4,1,0.6674372222688463
day_2048,4,1,0.8059297800064087
day_2048,4,1,0.8059297800064087
day_2048,4,1,0.6674372222688463
day_2048,4,1,0.8059297800064087
day_2048,4,1,0.6674372222688463
day_2048,4,1,0.6674372222688463
day_2048,4,1,0.6674372222688463
day_2048,4,1,0.8059297800064087
day_2048,4,1,0.6674372222688463
day_2048,4,1,0.8059297800064087
day_2048,4,1,0.8059297800064087
day_2048,4,1,0.8059297800064087
day_2048,4,1,0.6674372222688463
day_2048,4,1,0.8059297800064087
day_2048,4,1,0.8059297800064087
day_2048,4,1,0.6674372222688463
day_2048,4,1,0.8059297800064087
day_2048,4,1,0.8059297800064087
day_2048,4,1,0.6674372222688463
day_2048,4,1,0.8059297800064087
day_2048,4,1,0.6674372222688463
day_2048,4,1,0.8059297800064087
day_2048,4,1,0.8059297800064087
day_2048,4,1,0.6674372222688463
day_2048,4,1,0.8059297800064087
day_2048,4,1,0.6674372222688463
day_2048,4,1,0.6674372222688463
day_2048,4,1,0.8059297800064087
day_2048,4,0,0.24085759123166403
day_2048,4,0,0.5692487756411234
day_2048,4,0,0.5102904968791537
day_2048,4,0,0.45713264246781665
day_2048,4,0,0.6212496293915643
day_2048,4,0,0.1353901285264227
day_2048,4,0,0.43687427375051713
day_2048,4,0,0.3333648062414593
day_2048,4,0,0.1353901285264227
day_2048,4,0,0.1595620864795314
day_2048,4,0,0.46548660265074837
day_2048,4,0,0.35008281138208175
day_2048,4,0,0.1353901285264227
day_2048,4,0,0.3486933658520381
day_2048,4,0,0.24085759123166403
day_2048,4,0,0.1353901285264227
day_2048,4,0,0.596900569068061
day_2048,4,0,0.5401288701428307
day_2048,4,0,0.669447104136149
day_2048,4,0,0.1353901285264227
day_2048,4,0,0.7046177056100633
day_2048,4,0,0.4887561963664161
day_2048,4,0,0.3690352075629764
day_2048,4,0,0.3548220743735631
day_2048,4,0,0.32529133558273315
day_2048,4,0,0.20846193407972655
day_2048,4,0,0.37457707193162704
day_2048,4,0,0.1719544596142239
day_2048,4,0,0.30983027153544956
day_2048,4,0,0.1353901285264227
day_2048,4,0,0.1353901285264227
day_2048,4,0,0.4887561963664161
day_2048,4,0,0.37295669979519314
day_2048,4,0,0.639958659807841
day_2048,4,0,0.5240239832136366
day_2048,4,0,0.1353901285264227
day_2048,4,0,0.5583371023337046
day_2048,4,0,0.14476201021009022
day_2048,4,0,0.572029882007175
day_2048,4,0,0.3163049982653724
day_2048,4,0,0.38644430703587
day_2048,4,0,0.48944565653800964
day_2048,4,0,0.14476201021009022
day_2048,4,0,0.14476201021009022
day_2048,4,0,0.6857057677374946
day_2048,4,0,0.6050169964631399
day_2048,4,0,0.33009760578473407
day_2048,4,0,0.14476201021009022
day_2048,4,0,0.634628434975942
day_2048,4,0,0.5397732489638858
day_2048,4,0,0.5024986333317227
day_2048,4,0,0.6736388670073615
day_2048,4,0,0.14476201021009022
day_2048,4,0,0.5105107724666595
day_2048,4,0,0.8406409157647027
day_2048,4,0,0.2809370027648078
day_2048,4,0,0.14476201021009022
day_2048,4,0,0.7596853640344408
day_2048,4,0,0.7070591847101847
day_2048,4,0,0.5293195678128136
day_2048,4,0,0.5373486810260348
day_2048,4,0,0.3593035042285919
day_2048,4,0,0.14476201021009022
day_2048,4,0,0.14476201021009022
day_2048,4,0,0.519772983259625
day_2048,4,0,0.4734135965506236
day_2048,4,0,0.14476201021009022
day_2048,4,0,0.14476201021009022
day_2048,4,0,0.14476201021009022
day_2048,4,0,0.5486215816603767
day_2048,4,0,0.5218217803372277
day_2048,4,0,0.642747786309984
day_2048,4,0,0.14476201021009022
day_2048,4,0,0.5248974164326986
day_2048,4,0,0.4663258261150784
day_2048,4,0,0.8154657416873508
day_2048,4,0,0.6353087160322402
day_2048,4,0,0.7112729284498427
day_2048,4,0,0.26142022675938076
day_2048,4,0,0.7696614695919884
day_2048,4,0,0.2694964036345482
day_2048,4,0,0.7254295150438944
day_2048,4,0,0.5372068782647451
day_2048,4,0,0.3801122374004788
day_2048,4,0,0.1439980011847284
day_2048,4,0,0.6629281110233731
day_2048,4,0,0.4477540949980418
day_2048,4,0,0.3916299707359738
day_2048,4,0,0.31747638351387447
day_2048,4,0,0.21689844297038186
day_2048,4,0,0.3931370774904887
day_2048,4,0,0.4283509833945168
day_2048,4,0,0.40680721071031356
day_2048,4,0,0.4223740067746904
day_2048,4,0,0.41596828897794086
day_2048,4,0,0.8106864757008023
day_2048,4,0,0.632002655002806
day_2048,4,0,0.4281517217556636
day_2048,4,0,0.19012025412586
day_2048,4,0,0.753796378771464
day_2048,4,0,0.632002655002806
day_2048,4,0,0.6721185909377204
day_2048,4,0,0.3465007394552231
day_2048,4,0,0.3070526719093323
day_2048,4,0,0.2711684935622745
day_2048,4,0,0.467672649357054
day_2048,4,0,0.5029715498288473
day_2048,4,0,0.19694160835610497
day_2048,4,0,0.5325779848628573
day_2048,4,0,0.23641562544637257
day_2048,4,0,0.5620297226640913
day_2048,4,0,0.6793353093994988
day_2048,4,0,0.0943826844708787
day_2048,4,0,0.15350239185823333
day_2048,4,0,0.5289673391315672
day_2048,4,0,0.11727941201792823
day_2048,4,0,0.1630674203236898
day_2048,4,0,0.24482830282714632
day_2048,4,0,0.22667421566115487
day_2048,4,0,0.24109555532534918
day_2048,4,0,0.1982736951775021
day_2048,4,0,0.4497156904803382
day_2048,4,0,0.24083634714285532
day_2048,4,0,0.4497156904803382
day_2048,4,0,0.09719935928781827
day_2048,4,0,0.5043376932541529
day_2048,4,0,0.0943826844708787
day_2048,4,0,0.07763767946097586
day_2048,4,0,0.3482522914807002
day_2048,4,0,0.1579070265094439
day_2048,4,0,0.4726804726653629
day_2048,4,0,0.18826637541254362
day_2048,4,0,0.2913772761821747
day_2048,4,0,0.26722140858570737
day_2048,4,0,0.6086505386564467
day_2048,4,0,0.31825461321406895
day_2048,4,0,0.6053043239646487
day_2048,4,0,0.11727941201792823
day_2048,4,0,0.42623554666837055
day_2048,4,0,0.07763767946097586
day_2048,4,0,0.2512681360046069
day_2048,4,0,0.09953567758202553
day_2048,4,0,0.3072509898079766
day_2048,4,0,0.5630859004126655
day_2048,4,0,0.49469008710649276
day_2048,4,0,0.139583150545756
day_2048,4,0,0.16818878716892666
day_2048,4,0,0.6218945350911882
day_2048,4,0,0.23982889122433132
day_2048,4,0,0.4549138877126906
day_2048,4,0,0.13629158834616342
day_2048,4,0,0.42886380354563397
day_2048,4,0,0.5269542270236545
day_2048,4,0,0.5231539971298642
day_2048,4,0,0.3243914561139213
day_2048,4,0,0.13629158834616342
day_2048,4,0,0.13629158834616342
day_2048,4,0,0.17653370069132912
day_2048,4,0,0.28038115633858574
day_2048,4,0,0.506908095545239
day_2048,4,0,0.22698101732465956
day_2048,4,0,0.49346944358613754
day_2048,4,0,0.5093983444902632
day_2048,4,0,0.5535493526193831
day_2048,4,0,0.5171873768170675
day_2048,4,0,0.4279032614496019
day_2048,4,0,0.13629158834616342
day_2048,4,0,0.23161928521262276
day_2048,4,0,0.42534487942854565
day_2048,4,0,0.5490658382574717
day_2048,4,0,0.4758836693233914
day_2048,4,0,0.35522694057888454
day_2048,4,0,0.24829806552992928
day_2048,4,0,0.6709963348176744
day_2048,4,0,0.13629158834616342
day_2048,4,0,0.3422956301106347
day_2048,4,0,0.3643732832537757
day_2048,4,0,0.13629158834616342
day_2048,4,0,0.13629158834616342
day_2048,4,0,0.24517634842130873
day_2048,4,0,0.3232582343949212
day_2048,4,0,0.4621756507290734
day_2048,4,0,0.5069911215040419
day_2048,4,0,0.36831490529908073
day_2048,4,0,0.17653370069132912
day_2048,4,0,0.11642722826864985
day_2048,4,0,0.16391146389974487
day_2048,4,0,0.40428803198867375
day_2048,4,0,0.1574152327246136
day_2048,4,0,0.6369846926795112
day_2048,4,0,0.3882439004050361
day_2048,4,0,0.14976600309213003
day_2048,4,0,0.370835499631034
day_2048,4,0,0.607281055715349
day_2048,4,0,0.6414722204208374
day_2048,4,0,0.5727686219745212
day_2048,4,0,0.1767638640271293
day_2048,4,0,0.17163061764505175
day_2048,4,0,0.45027904709180194
day_2048,4,0,0.17386247259047297
day_2048,4,0,0.370835499631034
day_2048,4,0,0.16622253838512632
day_2048,4,0,0.1663147004114257
day_2048,4,0,0.12120176148083475
day_2048,4,0,0.10283713249696626
day_2048,4,0,0.10283713249696626
day_2048,4,0,0.2624345314171579
day_2048,4,0,0.6032125287585788
day_2048,4,0,0.607281055715349
day_2048,4,0,0.42071685526106095
day_2048,4,0,0.16870064536730447
day_2048,4,0,0.12507073457042375
day_2048,4,0,0.1660913216571013
day_2048,4,0,0.12041726460059483
day_2048,4,0,0.13091726849476495
day_2048,4,0,0.23264406041966545
day_2048,4,0,0.18115554004907608
day_2048,4,0,0.17407401568359798
day_2048,4,0,0.6822727057668898
day_2048,4,0,0.587739927901162
day_2048,4,0,0.12120176148083475
day_2048,4,0,0.31265123022927177
day_2048,4,0,0.28161340951919556
day_2048,4,0,0.2594156447384093
day_2048,4,0,0.7093420757187737
day_2048,4,0,0.20861433446407318
day_2048,4,0,0.27760100695821976
day_2048,4,0,0.21558212406105465
day_2048,4,0,0.3031284014383952
day_2048,4,0,0.2047587749030855
day_2048,4,0,0.28219306468963623
day_2048,4,0,0.14423544622129864
day_2048,4,0,0.5877574549780952
day_2048,4,0,0.42657144616047543
day_2048,4,0,0.3766204747888777
day_2048,4,0,0.26744673152764636
day_2048,4,0,0.5759275853633881
day_2048,4,0,0.7363660467995538
day_2048,4,0,0.14423544622129864
day_2048,4,0,0.32836073968145585
day_2048,4,0,0.23017358283201853
day_2048,4,0,0.38266609609127045
day_2048,4,0,0.3357771138350169
day_2048,4,0,0.329225007030699
day_2048,4,0,0.3129361652665668
day_2048,4,0,0.6361685660150316
day_2048,4,0,0.28863688475555843
day_2048,4,0,0.7093420757187737
day_2048,4,0,0.16763605011834037
day_2048,4,0,0.43735746211475796
day_2048,4,0,0.20696698294745552
day_2048,4,0,0.26067084570725757
day_2048,4,0,0.1620713174343109
day_2048,4,0,0.5281964341799418
day_2048,4,0,0.45389214820331997
day_2048,4,0,0.2540998591317071
day_2048,4,0,0.19100523822837406
day_2048,4,0,0.15253498488002354
day_2048,4,0,0.1933931228187349
day_2048,4,0,0.4373074505064223
day_2048,4,0,0.2638921696278784
day_2048,4,0,0.512261473470264
day_2048,4,0,0.3072610894838969
day_2048,4,0,0.36157652901278603
day_2048,4,0,0.51876876089308
day_2048,4,0,0.3072079022725423
day_2048,4,0,0.2559821092420154
day_2048,4,0,0.3237301144335005
day_2048,4,0,0.3327801591820187
day_2048,4,0,0.46933938066164654
day_2048,4,0,0.4373074505064223
day_2048,4,0,0.571921620104048
day_2048,4,0,0.28496433132224613
day_2048,4,0,0.27351334194342297
day_2048,4,0,0.29908671147293514
day_2048,4,0,0.38631194333235425
day_2048,4,0,0.3503396411736806
day_2048,4,0,0.4560912847518921
day_2048,4,0,0.3935939255687926
day_2048,4,0,0.24272609667645562
day_2048,4,0,0.2827068062292205
day_2048,4,0,0.3327801591820187
day_2048,4,0,0.21920749048391977
day_2048,4,0,0.46127278606096905
day_2048,4,0,0.2532152103053199
day_2048,4,0,0.5246965852048662
day_2048,4,0,0.27616150346067214
day_2048,4,0,0.22953947799073326
day_2048,4,0,0.37523801624774933
day_2048,4,0,0.31584480073716903
day_2048,4,0,0.359259146783087
day_2048,4,0,0.4136856098969777
day_2048,4,0,0.47800080974896747
day_2048,4,0,0.522796071237988
day_2048,4,0,0.44806772139337325
day_2048,4,0,0.26893217696083915
day_2048,4,0,0.5381351510683695
day_2048,4,0,0.1369546444879638
day_2048,4,0,0.24999011390739018
day_2048,4,0,0.5824213359091017
day_2048,4,0,0.4222003188398149
day_2048,4,0,0.28781315353181625
day_2048,4,0,0.8326140261358685
day_2048,4,0,0.2835414757331212
day_2048,4,0,0.5824213359091017
day_2048,4,0,0.5865408910645379
day_2048,4,0,0.14805871662166384
day_2048,4,0,0.44616181320614284
day_2048,4,0,0.2980165564351612
day_2048,4,0,0.2408769130706787
day_2048,4,0,0.17046658363607195
day_2048,4,0,0.4696737726529439
day_2048,4,0,0.24998447630140516
day_2048,4,0,0.6710549725426568
day_2048,4,0,0.551751047372818
day_2048,4,0,0.16163003693024316
day_2048,4,0,0.27015748288896346
day_2048,4,0,0.32263826496071285
day_2048,4,0,0.4038236555125978
day_2048,4,0,0.1618090346455574
day_2048,4,0,0.24065079540014267
day_2048,4,0,0.48579169313112897
day_2048,4,0,0.16811917308304045
day_2048,4,0,0.23988957537545097
day_2048,4,0,0.22625742687119377
day_2048,4,0,0.44908808337317574
day_2048,4,0,0.3611929350429111
day_2048,4,0,0.30265945196151733
day_2048,4,0,0.4132524397638109
day_2048,4,0,0.23738492363029057
day_2048,4,0,0.24362723694907296
day_2048,4,0,0.36215289764934117
day_2048,4,0,0.44329945908652413
day_2048,4,0,0.6392733719613817
day_2048,4,0,0.5034820801681943
day_2048,4,0,0.6241653031773038
day_2048,4,0,0.41277647349569535
day_2048,4,0,0.30397189656893414
day_2048,4,0,0.3174801866213481
day_2048,4,0,0.24352037244372898
day_2048,4,0,0.2157624347342385
day_2048,4,0,0.47291310959392124
day_2048,4,0,0.7980935242440965
day_2048,4,0,0.7295930716726515
day_2048,4,0,0.4088843133714464
day_2048,4,0,0.5815898709826999
day_2048,4,0,0.3273627890480889
day_2048,4,0,0.21193006138006845
day_2048,4,0,0.2802233083380593
day_2048,4,0,0.7218263943990072
day_2048,4,0,0.39802182383007473
day_2048,4,0,0.3094492620891995
day_2048,4,0,0.5068310333622826
day_2048,4,0,0.19824862645732033
day_2048,4,0,0.1309771297706498
day_2048,4,0,0.5003831220997704
day_2048,4,0,0.5176761117246416
day_2048,4,0,0.3890502221054501
day_2048,4,0,0.34509529338942635
day_2048,4,0,0.6925442616144816
day_2048,4,0,0.5913167463408576
day_2048,4,0,0.5696155925591787
day_2048,4,0,0.3210492018196318
day_2048,4,0,0.23182139462894863
day_2048,4,0,0.1309771297706498
day_2048,4,0,0.5691272980637021
day_2048,4,0,0.6837529937426249
day_2048,4,0,0.40587761667039657
day_2048,4,0,0.7548438045713637
day_2048,4,0,0.6361558006869422
day_2048,4,0,0.40390844808684456
day_2048,4,0,0.17149982187483045
day_2048,4,0,0.5198711653550466
day_2048,4,0,0.573200093375312
day_2048,4,0,0.305698436167505
day_2048,4,0,0.4926265974839528
day_2048,4,0,0.3345034718513489
day_2048,4,0,0.24676444133122763
day_2048,4,0,0.5042496356699202
day_2048,4,0,0.37358156012164223
day_2048,4,0,0.29892414311567944
day_2048,4,0,0.40999607410695815
day_2048,4,0,0.35035842657089233
day_2048,4,0,0.37358156012164223
day_2048,4,0,0.28208043177922565
day_2048,4,0,0.3001198967297872
day_2048,4,0,0.3056102709637748
day_2048,4,0,0.3035651346047719
day_2048,4,0,0.268388494849205
day_2048,4,0,0.7627610166867574
day_2048,4,0,0.4882497323883904
day_2048,4,0,0.16039360811312994
day_2048,4,0,0.422810392247306
day_2048,4,0,0.4015154209401872
day_2048,4,0,0.6097420619593726
day_2048,4,0,0.383833431535297
day_2048,4,0,0.27277137007978225
day_2048,4,0,0.5903419620460935
day_2048,4,0,0.15107937239938313
day_2048,4,0,0.4336040947172377
day_2048,4,0,0.25327581498357987
day_2048,4,0,0.41221727596388924
day_2048,4,0,0.545037716627121
day_2048,4,0,0.44058936172061497
day_2048,4,0,0.3090408676200443
day_2048,4,0,0.4784884320365058
day_2048,4,0,0.18142600191964042
day_2048,4,0,0.18152543819612926
day_2048,4,0,0.09478724085622364
day_2048,4,0,0.1518339469201035
day_2048,4,0,0.6644195318222046
day_2048,4,0,0.09478724085622364
day_2048,4,0,0.09478724085622364
day_2048,4,0,0.46662987271944684
day_2048,4,0,0.18432251612345377
day_2048,4,0,0.468835261132982
day_2048,4,0,0.43362706237369114
day_2048,4,0,0.6401177313592699
day_2048,4,0,0.40145551082160735
day_2048,4,0,0.46630431214968365
day_2048,4,0,0.6199565298027463
day_2048,4,0,0.4656325810485416
day_2048,4,0,0.3309683601061503
day_2048,4,0,0.22902696331342062
day_2048,4,0,0.2701658664478196
day_2048,4,0,0.25267282293902504
day_2048,4,0,0.2944687604904175
day_2048,4,0,0.11614715059598286
day_2048,4,0,0.4881136914094289
day_2048,4,0,0.354193555812041
day_2048,4,0,0.8398793074819777
day_2048,4,0,0.30954606499936843
day_2048,4,0,0.20533553179767397
day_2048,4,0,0.2244327829943763
day_2048,4,0,0.24864250421524048
day_2048,4,0,0.09478724085622364
day_2048,4,0,0.10862082863847415
day_2048,4,0,0.7356643047597673
day_2048,4,0,0.8480159011152055
day_2048,4,0,0.09478724085622364
day_2048,4,0,0.15824070986774233
day_2048,4,0,0.2453405029243893
day_2048,4,0,0.28307806617683834
day_2048,4,0,0.16847168736987644
day_2048,4,0,0.1558720717827479
day_2048,4,0,0.21602047483126322
day_2048,4,0,0.2215862696369489
day_2048,4,0,0.7657625940110948
day_2048,4,0,0.20381823927164078
day_2048,4,0,0.15017332633336386
day_2048,4,0,0.7192272080315484
day_2048,4,0,0.4714653756883409
day_2048,4,0,0.10087508997983402
day_2048,4,0,0.48067737619082135
day_2048,4,0,0.5032723711596595
day_2048,4,0,0.4103058675924937
day_2048,4,0,0.7192272080315484
day_2048,4,0,0.2486990044514338
day_2048,4,0,0.7354116373591952
day_2048,4,0,0.3694847110244963
day_2048,4,0,0.2238722319404284
day_2048,4,0,0.18140562044249642
day_2048,4,0,0.30557677894830704
day_2048,4,0,0.18088790939913857
day_2048,4,0,0.28161698910925126
day_2048,4,0,0.24773840440644157
day_2048,4,0,0.33857111467255485
day_2048,4,0,0.3652250005139245
day_2048,4,0,0.09532533751593696
day_2048,4,0,0.25334808561537003
day_2048,4,0,0.42904773354530334
day_2048,4,0,0.7169668078422546
day_2048,4,0,0.11549842854340871
day_2048,4,0,0.36395541909668183
day_2048,4,0,0.6748435762193468
day_2048,4,0,0.30557677894830704
day_2048,4,0,0.3270981013774872
day_2048,4,0,0.13390890094969007
day_2048,4,0,0.4492451606525315
day_2048,4,0,0.8485929336812761
day_2048,4,0,0.3694847110244963
day_2048,4,0,0.3946726769208908
day_2048,4,0,0.4725412560833825
day_2048,4,0,0.5252089401086172
day_2048,4,0,0.6001108686129252
day_2048,4,0,0.25581222938166726
day_2048,4,0,0.3583751817544301
day_2048,4,0,0.2440601173374388
day_2048,4,0,0.38920926054318744
day_2048,4,0,0.18861248675319883
day_2048,4,0,0.42279335194163853
day_2048,4,0,0.24351980951097277
day_2048,4,0,0.35532066391574013
day_2048,4,0,0.17358502993981043
day_2048,4,0,0.4198337859577603
day_2048,4,0,0.41832246051894295
day_2048,4,0,0.42893557747205097
day_2048,4,0,0.4567967222796546
day_2048,4,0,0.3066667748822106
day_2048,4,0,0.45821619033813477
day_2048,4,0,0.22734850396712622
day_2048,4,0,0.38090960515869987
day_2048,4,0,0.24147996720340517
day_2048,4,0,0.43642907010184395
day_2048,4,0,0.42279335194163853
day_2048,4,0,0.2572254356410768
day_2048,4,0,0.22375609974066415
day_2048,4,0,0.4471200472778744
day_2048,4,0,0.2527292213506169
day_2048,4,0,0.4521373278564877
day_2048,4,0,0.18861248675319883
day_2048,4,0,0.2560688439342711
day_2048,4,0,0.35732442802853054
day_2048,4,0,0.4855557017856174
day_2048,4,0,0.480748669968711
day_2048,4,0,0.22757099982764986
day_2048,4,0,0.5263700915707482
day_2048,4,0,0.36560098661316764
day_2048,4,0,0.5436002645227644
day_2048,4,0,0.6059394611252679
day_2048,4,0,0.39235474169254303
day_2048,4,0,0.4285934534337785
day_2048,4,0,0.20634461442629495
day_2048,4,0,0.3747776630851958
day_2048,4,0,0.4339389767911699
day_2048,4,0,0.33285561369525063
day_2048,4,0,0.4606103301048279
day_2048,4,0,0.2761876864565743
day_2048,4,0,0.33423371778594124
day_2048,4,0,0.33453215327527785
day_2048,4,0,0.2602864338292016
day_2048,4,0,0.37621210018793744
day_2048,4,0,0.22410095400280422
day_2048,4,0,0.2241276287370258
day_2048,4,0,0.33122389515240985
day_2048,4,0,0.36526259779930115
day_2048,4,0,0.3271072606245677
day_2048,4,0,0.30811899569299483
day_2048,4,0,0.6996615860197279
day_2048,4,0,0.21618428577979407
day_2048,4,0,0.14364302075571483
day_2048,4,0,0.5681570106082492
day_2048,4,0,0.3361704581313663
day_2048,4,0,0.18587437023719153
day_2048,4,0,0.6013990077707503
day_2048,4,0,0.18955202069547442
day_2048,4,0,0.33221347961160874
day_2048,4,0,0.1177485543820593
day_2048,4,0,0.2084389262729221
day_2048,4,0,0.7950684461328719
day_2048,4,0,0.5359669493304359
day_2048,4,0,0.4591905822356542
day_2048,4,0,0.4884382155206468
day_2048,4,0,0.20204374028576744
day_2048,4,0,0.4144752257400089
day_2048,4,0,0.28791024618678623
day_2048,4,0,0.24200261549817192
day_2048,4,0,0.42019036908944446
day_2048,4,0,0.16219167659680048
day_2048,4,0,0.4002759125497606
day_2048,4,0,0.1745388706525167
day_2048,4,0,0.7057002517912123
day_2048,4,0,0.4140281346109178
day_2048,4,0,0.4834371507167816
day_2048,4,0,0.4176446994145711
day_2048,4,0,0.42339116003778243
day_2048,4,0,0.29583242535591125
day_2048,4,0,0.3884037633736928
day_2048,4,0,0.5791429413689507
day_2048,4,0,0.43838343852096134
day_2048,4,0,0.4192732340759701
day_2048,4,0,0.5377566185262468
day_2048,4,0,0.19296599096722072
day_2048,4,0,0.43714730938275653
day_2048,4,0,0.7466667228274875
day_2048,4,0,0.19966574551330674
day_2048,4,0,0.16219167659680048
day_2048,4,0,0.47829175657696194
day_2048,4,0,0.4215199251969655
day_2048,4,0,0.4449348515934414
day_2048,4,0,0.24572691155804527
day_2048,4,0,0.6189688543478647
day_2048,4,0,0.3884037633736928
day_2048,4,0,0.2539183116621441
day_2048,4,0,0.33931298719512093
day_2048,4,0,0.21834978875186709
day_2048,4,0,0.5423655543062422
day_2048,4,0,0.19190439830223718
day_2048,4,0,0.3288048340214623
day_2048,4,0,0.48087768091095817
day_2048,4,0,0.4372679955429501
day_2048,4,0,0.292313598924213
day_2048,4,0,0.4863017665015327
day_2048,4,0,0.5358319150076972
day_2048,4,0,0.2061905273132854
day_2048,4,0,0.37403469284375507
day_2048,4,0,0.47087306446499294
day_2048,4,0,0.4112512667973836
day_2048,4,0,0.342179622915056
day_2048,4,0,0.25744618144300246
day_2048,4,0,0.5089738203419579
day_2048,4,0,0.792550265789032
day_2048,4,0,0.2323900709549586
day_2048,4,0,0.48160625828637016
day_2048,4,0,0.6826989518271552
day_2048,4,0,0.12695894887049994
day_2048,4,0,0.49133334888352287
day_2048,4,0,0.37322908639907837
day_2048,4,0,0.2587137420972188
day_2048,4,0,0.12695894887049994
day_2048,4,0,0.2200929050644239
day_2048,4,0,0.3159911036491394
day_2048,4,0,0.12695894887049994
day_2048,4,0,0.5074980325169034
day_2048,4,0,0.25944152226050693
day_2048,4,0,0.38173814283476937
day_2048,4,0,0.6932000252935622
day_2048,4,0,0.49844377901819015
day_2048,4,0,0.3734617564413283
day_2048,4,0,0.4130600078238381
day_2048,4,0,0.12695894887049994
day_2048,4,0,0.6250403987036811
day_2048,4,0,0.594987627532747
day_2048,4,0,0.40331673953268266
day_2048,4,0,0.2814876718653573
day_2048,4,0,0.4121076497766707
day_2048,4,0,0.5113833645979563
day_2048,4,0,0.2865671118100484
day_2048,4,0,0.5301130778259702
day_2048,4,0,0.9003065559599135
day_2048,4,0,0.5236274368233151
day_2048,4,0,0.4029081530041165
day_2048,4,0,0.49695324897766113
day_2048,4,0,0.42220742834938896
day_2048,4,0,0.7546879914071825
day_2048,4,0,0.44818373521169025
day_2048,4,0,0.5049544672171274
day_2048,4,0,0.5157307154602475
day_2048,4,0,0.5085931668678919
day_2048,4,0,0.3200867027044296
day_2048,4,0,0.3645933618148168
day_2048,4,0,0.29553071161111194
day_2048,4,0,0.22995852927366892
day_2048,4,0,0.33354270375437206
day_2048,4,0,0.20617012514008415
day_2048,4,0,0.2649819387329949
day_2048,4,0,0.4114164213339488
day_2048,4,0,0.3416498551766078
day_2048,4,0,0.5001870493094126
day_2048,4,0,0.39932577311992645
day_2048,4,0,0.7980026536517673
day_2048,4,0,0.21516288485791948
day_2048,4,0,0.30506596797042423
day_2048,4,0,0.45772403809759354
day_2048,4,0,0.1214268050260014
day_2048,4,0,0.4802866048283047
day_2048,4,0,0.4208659629027049
day_2048,4,0,0.30118659304247963
day_2048,4,0,0.16897678623596826
day_2048,4,0,0.2481039116779963
day_2048,4,0,0.4935254553953807
day_2048,4,0,0.28453074726793504
day_2048,4,0,0.44445301426781547
day_2048,4,0,0.36352494690153336
day_2048,4,0,0.7075390219688416
day_2048,4,0,0.4030922253926595
day_2048,4,0,0.19727134456237158
day_2048,4,0,0.21750332994593513
day_2048,4,0,0.12627476453781128
day_2048,4,0,0.26722506682078045
day_2048,4,0,0.2554098599486881
day_2048,4,0,0.45388070742289227
day_2048,4,0,0.16361596600876915
day_2048,4,0,0.16085808061891133
day_2048,4,0,0.2215844839811325
day_2048,4,0,0.21082830801606178
day_2048,4,0,0.5716703600353665
day_2048,4,0,0.21082830801606178
day_2048,4,0,0.1268726181652811
day_2048,4,0,0.5760245323181152
day_2048,4,0,0.23462295532226562
day_2048,4,0,0.23564042978816563
day_2048,4,0,0.1706299376156595
day_2048,4,0,0.1509258933365345
day_2048,4,0,0.24479247298505571
day_2048,4,0,0.26245063377751243
day_2048,4,0,0.13086825691991383
day_2048,4,0,0.6366551054848565
day_2048,4,0,0.24557327893045214
day_2048,4,0,0.2944898506005605
day_2048,4,0,0.5014184713363647
day_2048,4,0,0.19182701450255182
day_2048,4,0,0.4091831230454975
day_2048,4,0,0.40605318546295166
day_2048,4,0,0.4313227865431044
day_2048,4,0,0.22159645623630947
day_2048,4,0,0.26722506682078045
day_2048,4,0,0.5014184713363647
day_2048,4,0,0.2250292632314894
day_2048,4,0,0.1620910887916883
day_2048,4,0,0.2944898506005605
day_2048,4,0,0.18860532757308748
day_2048,4,0,0.26722506682078045
day_2048,4,0,0.1907172774275144
day_2048,4,0,0.2523709187904994
day_2048,4,0,0.36135869059297776
day_2048,4,0,0.4611948827902476
day_2048,4,0,0.3362596299913194
day_2048,4,0,0.3105133987135357
day_2048,4,0,0.5580615599950155
day_2048,4,0,0.1309470973081059
day_2048,4,0,0.6801027788056268
day_2048,4,0,0.2534278333187103
day_2048,4,0,0.2825415184100469
day_2048,4,0,0.35519346925947404
day_2048,4,0,0.1811642067299949
day_2048,4,0,0.2706045135855675
day_2048,4,0,0.7143974171744453
day_2048,4,0,0.28321929772694904
day_2048,4,0,0.28895525799857247
day_2048,4,0,0.25279893560542
day_2048,4,0,0.3758175704214308
day_2048,4,0,0.4692800045013428
day_2048,4,0,0.7194555931621127
day_2048,4,0,0.4572325613763597
day_2048,4,0,0.23646686474482217
day_2048,4,0,0.3159524980518553
day_2048,4,0,0.4776343239678277
day_2048,4,0,0.39223145445187885
day_2048,4,0,0.26985416147443986
day_2048,4,0,0.1549757719039917
day_2048,4,0,0.15357114954127205
day_2048,4,0,0.48609353436364067
day_2048,4,0,0.22668686509132385
day_2048,4,0,0.49166904224289787
day_2048,4,0,0.6990277502271864
day_2048,4,0,0.3159524980518553
day_2048,4,0,0.6709615853097703
day_2048,4,0,0.24463486009173924
day_2048,4,0,0.5351069867610931
day_2048,4,0,0.23386582897769082
day_2048,4,0,0.1569401290681627
day_2048,4,0,0.37805245485570693
day_2048,4,0,0.30582325326071846
day_2048,4,0,0.26312581698099774
day_2048,4,0,0.6346030831336975
day_2048,4,0,0.25474092529879677
day_2048,4,0,0.19841639449199042
day_2048,4,0,0.2980399214559131
day_2048,4,0,0.320653509762552
day_2048,4,0,0.163681507938438
day_2048,4,0,0.3597005804379781
day_2048,4,0,0.24254684812492794
day_2048,4,0,0.38247863451639813
day_2048,4,0,0.35268810391426086
day_2048,4,0,0.6489008764425913
day_2048,4,0,0.5828416811095344
day_2048,4,0,0.6822635663880242
day_2048,4,0,0.5030229985713959
day_2048,4,0,0.3356416275103887
day_2048,4,0,0.23944115969869825
day_2048,4,0,0.20348148047924042
day_2048,4,0,0.20348148047924042
day_2048,4,0,0.35255010591612923
day_2048,4,0,0.2866114228963852
day_2048,4,0,0.5123703678448995
day_2048,4,0,0.5776602228482565
day_2048,4,0,0.28613873322804767
day_2048,4,0,0.13084961639510262
day_2048,4,0,0.6235378980636597
day_2048,4,0,0.5065419806374444
day_2048,4,0,0.46233442425727844
day_2048,4,0,0.29782069888379836
day_2048,4,0,0.29828252891699475
day_2048,4,0,0.32877281970447964
day_2048,4,0,0.5682285096910265
day_2048,4,0,0.22369304299354553
day_2048,4,0,0.26414240151643753
day_2048,4,0,0.28354496426052517
day_2048,4,0,0.6578057077195909
day_2048,4,0,0.3857686262991693
day_2048,4,0,0.2582043897774484
day_2048,4,0,0.22794165213902792
day_2048,4,0,0.09209056488341755
day_2048,4,0,0.34206152707338333
day_2048,4,0,0.25364483644564945
day_2048,4,0,0.5100284301572375
day_2048,4,0,0.5695479114850363
day_2048,4,0,0.36586226605706745
day_2048,4,0,0.2488495326704449
day_2048,4,0,0.5341402408149507
day_2048,4,0,0.22794165213902792
day_2048,4,0,0.3599821610583199
day_2048,4,0,0.1615942327512635
day_2048,4,0,0.3857686262991693
day_2048,4,0,0.1911219192875756
day_2048,4,0,0.20447951720820534
day_2048,4,0,0.4300140357679791
day_2048,4,0,0.27665165811777115
day_2048,4,0,0.24403290698925653
day_2048,4,0,0.6387390593687693
day_2048,4,0,0.0918012625641293
day_2048,4,0,0.5100284301572375
day_2048,4,0,0.15267951745125982
day_2048,4,0,0.1533101312816143
day_2048,4,0,0.2582588783568806
day_2048,4,0,0.3118935806883706
day_2048,4,0,0.6293572617901696
day_2048,4,0,0.12071769229239887
day_2048,4,0,0.2563677893744575
day_2048,4,0,0.7022889256477356
day_2048,4,0,0.08466392072538535
day_2048,4,0,0.650916188955307
day_2048,4,0,0.30281341324249905
day_2048,4,0,0.3008672876490487
day_2048,4,0,0.1969449602895313
day_2048,4,0,0.5811324583159553
day_2048,4,0,0.24724400126271778
day_2048,4,0,0.1411582198407915
day_2048,4,0,0.20398912496036953
day_2048,4,0,0.5099285675419701
day_2048,4,0,0.6742164426379733
day_2048,4,0,0.2643090569310718
day_2048,4,0,0.1270765687028567
day_2048,4,0,0.13133624444405237
day_2048,4,0,0.21396695574124655
day_2048,4,0,0.7136211858855354
day_2048,4,0,0.8869520160886977
day_2048,4,0,0.14510234196980795
day_2048,4,0,0.21379495991600883
day_2048,4,0,0.1270765687028567
day_2048,4,0,0.7676402727762858
day_2048,4,0,0.8630950980716281
day_2048,4,0,0.129074241552088
day_2048,4,0,0.7602157526546054
day_2048,4,0,0.6245939069324069
day_2048,4,0,0.13631472653812832
day_2048,4,0,0.783817728360494
day_2048,4,0,0.8281724452972412
day_2048,4,0,0.31195684108469224
day_2048,4,0,0.6534356839127011
day_2048,4,0,0.7547648681534661
day_2048,4,0,0.8652236395412021
day_2048,4,0,0.25924080941412186
day_2048,4,0,0.13096067723300722
day_2048,4,0,0.8469740218586392
day_2048,4,0,0.21485587706168494
day_2048,4,0,0.6881679826312594
day_2048,4,0,0.1297851155201594
day_2048,4,0,0.8392681810590956
day_2048,4,0,0.6881679826312594
day_2048,4,0,0.4652648799949222
day_2048,4,0,0.2237183170186149
day_2048,4,0,0.31960326102044845
day_2048,4,0,0.3331979893975788
day_2048,4,0,0.2998673783408271
day_2048,4,0,0.47292814983261955
day_2048,4,0,0.35560423135757446
day_2048,4,0,0.30001796947585213
day_2048,4,0,0.3647180497646332
day_2048,4,0,0.6280969480673472
day_2048,4,0,0.3272692643933826
day_2048,4,0,0.3166842245393329
day_2048,4,0,0.33182590703169507
day_2048,4,0,0.8207647932900323
day_2048,4,0,0.38087255756060284
day_2048,4,0,0.3280762914154265
day_2048,4,0,0.35333872503704494
day_2048,4,0,0.1810996565553877
day_2048,4,0,0.2846418089336819
day_2048,4,0,0.6305618286132812
day_2048,4,0,0.8460807800292969
day_2048,4,0,0.4284067816204495
day_2048,4,0,0.4527951627969742
day_2048,4,0,0.29119019044770134
day_2048,4,0,0.17470444159375298
day_2048,4,0,0.3143415020571815
day_2048,4,0,0.6795001692242093
day_2048,4,0,0.3212001936303245
day_2048,4,0,0.3799651761849721
day_2048,4,0,0.6678335335519578
day_2048,4,0,0.7141621775097318
day_2048,4,0,0.2668253166808022
day_2048,4,0,0.6140483816464742
day_2048,4,0,0.5837314592467414
day_2048,4,0,0.22428053286340502
day_2048,4,0,0.6857259538438585
day_2048,4,0,0.5636993183030022
day_2048,4,0,0.43647995094458264
day_2048,4,0,0.36270929707421196
day_2048,4,0,0.20367397202385795
day_2048,4,0,0.36986372537083095
day_2048,4,0,0.6936011777983772
day_2048,4,0,0.6357144481605954
day_2048,4,0,0.7232793834474351
day_2048,4,0,0.32639825012948775
day_2048,4,0,0.6756222446759542
day_2048,4,0,0.47206923365592957
day_2048,4,0,0.49958904253111946
day_2048,4,0,0.31481492188241744
day_2048,4,0,0.16218028134769863
day_2048,4,0,0.22469303011894226
day_2048,4,0,0.47206923365592957
day_2048,4,0,0.13287884245316187
day_2048,4,0,0.26793287446101505
day_2048,4,0,0.3450019773509767
day_2048,4,0,0.13287884245316187
day_2048,4,0,0.30913419938749737
day_2048,4,0,0.7150624659326341
day_2048,4,0,0.5584667026996613
day_2048,4,0,0.22003469202253553
day_2048,4,0,0.6324394676420424
day_2048,4,0,0.6756222446759542
day_2048,4,0,0.28317954308456844
day_2048,4,0,0.13287884245316187
day_2048,4,0,0.31481492188241744
day_2048,4,0,0.35755821565787
day_2048,4,0,0.20825340350468954
day_2048,4,0,0.13287884245316187
day_2048,4,0,0.2823062009281582
day_2048,4,0,0.29040001663896775
day_2048,4,0,0.4588666359583537
day_2048,4,0,0.798570497168435
day_2048,4,0,0.13287884245316187
day_2048,4,0,0.13287884245316187
day_2048,4,0,0.44744102160135907
day_2048,4,0,0.2676465329196718
day_2048,4,0,0.3371196389198303
day_2048,4,0,0.3208547333876292
day_2048,4,0,0.44744102160135907
day_2048,4,0,0.4506608181529575
day_2048,4,0,0.28457488616307575
day_2048,4,0,0.5334840946727328
day_2048,4,0,0.32732492354181075
day_2048,4,0,0.27257000241014695
day_2048,4,0,0.5407743752002716
day_2048,4,0,0.2823209944698546
day_2048,4,0,0.4299430499474208
day_2048,4,0,0.2823209944698546
day_2048,4,0,0.3075757523377736
day_2048,4,0,0.1532153288523356
day_2048,4,0,0.4739467236730788
day_2048,4,0,0.2790529827276866
day_2048,4,0,0.8188592990239462
day_2048,4,0,0.766930513911777
day_2048,4,0,0.22692382170094383
day_2048,4,0,0.36458907193607754
day_2048,4,0,0.3753306120634079
day_2048,4,0,0.2417156828774346
day_2048,4,0,0.4748789932992723
day_2048,4,0,0.19008994102478027
day_2048,4,0,0.6478565997547574
day_2048,4,0,0.2334559526708391
day_2048,4,0,0.43803927964634365
day_2048,4,0,0.3170582006374995
day_2048,4,0,0.13148466332091224
day_2048,4,0,0.45223435428407455
day_2048,4,0,0.32060768206914264
day_2048,4,0,0.42528703808784485
day_2048,4,0,0.18578324301375282
day_2048,4,0,0.36437734133667415
day_2048,4,0,0.3476974881357617
day_2048,4,0,0.7498388687769572
day_2048,4,0,0.35769468545913696
day_2048,4,0,0.6332223481602139
day_2048,4,0,0.47679728931850857
day_2048,4,0,0.310990276436011
day_2048,4,0,0.29374879598617554
day_2048,4,0,0.5188456376393636
day_2048,4,0,0.33290500773323906
day_2048,4,0,0.8515634338061014
day_2048,4,0,0.4457735949092441
day_2048,4,0,0.8312487072414823
day_2048,4,0,0.6332223481602139
day_2048,4,0,0.16842211286226907
day_2048,4,0,0.36059069136778515
day_2048,4,0,0.4711098571618398
day_2048,4,0,0.5467540058824751
day_2048,4,0,0.25818544460667503
day_2048,4,0,0.6476941572295295
day_2048,4,0,0.27063686152299243
day_2048,4,0,0.2790164583259159
day_2048,4,0,0.17032958484358257
day_2048,4,0,0.31510427759753334
day_2048,4,0,0.22002570827802023
day_2048,4,0,0.40038025544749367
day_2048,4,0,0.6735218034850227
day_2048,4,0,0.6396960748566521
day_2048,4,0,0.8376375304328071
day_2048,4,0,0.42002323518196744
day_2048,4,0,0.4089253180556827
day_2048,4,0,0.48341601093610126
day_2048,4,0,0.40487825208240086
day_2048,4,0,0.29958756764729816
day_2048,4,0,0.5125691625807021
day_2048,4,0,0.39310092065069413
day_2048,4,0,0.13181488712628683
day_2048,4,0,0.35551632444063824
day_2048,4,0,0.25588808953762054
day_2048,4,0,0.25094158285193974
day_2048,4,0,0.15974542995293936
day_2048,4,0,0.4948692388004727
day_2048,4,0,0.5077532066239251
day_2048,4,0,0.3990667048427794
day_2048,4,0,0.5359802842140198
day_2048,4,0,0.3468108077843984
day_2048,4,0,0.2486354195409351
day_2048,4,0,0.719357450803121
day_2048,4,0,0.34158175852563644
day_2048,4,0,0.5531783898671468
day_2048,4,0,0.5905464589595795
day_2048,4,0,0.1579300579097536
day_2048,4,0,0.3326476679907905
day_2048,4,0,0.17998343954483667
day_2048,4,0,0.5633376008934445
day_2048,4,0,0.42715170979499817
day_2048,4,0,0.16974176300896537
day_2048,4,0,0.17050576706727347
day_2048,4,0,0.46728625231319004
day_2048,4,0,0.3750219444433848
day_2048,4,0,0.16974176300896537
day_2048,4,0,0.4385267049074173
day_2048,4,0,0.21905324359734854
day_2048,4,0,0.2222470889488856
day_2048,4,0,0.19362094750006995
day_2048,4,0,0.5359802842140198
day_2048,4,0,0.27263186044163173
day_2048,4,0,0.17799815038839975
day_2048,4,0,0.2874004277918074
day_2048,4,0,0.22424410200781292
day_2048,4,0,0.3384606209066179
day_2048,4,0,0.17249172594812182
day_2048,4,0,0.3743773152430852
day_2048,4,0,0.32422977520359886
day_2048,4,0,0.2770140800211165
day_2048,4,0,0.20683365563551584
day_2048,4,0,0.6305816769599915
day_2048,4,0,0.11303829401731491
day_2048,4,0,0.46394003762139213
day_2048,4,0,0.11303829401731491
day_2048,4,0,0.8990265395906236
day_2048,4,0,0.6171845065222846
day_2048,4,0,0.28034688035647076
day_2048,4,0,0.6696003675460815
day_2048,4,0,0.3226538722713788
day_2048,4,0,0.4155731548865636
day_2048,4,0,0.4794334653351042
day_2048,4,0,0.5796823799610138
day_2048,4,0,0.24214288592338562
day_2048,4,0,0.11303829401731491
day_2048,4,0,0.29946789973311955
day_2048,4,0,0.11303829401731491
day_2048,4,0,0.9051978654331632
day_2048,4,0,0.11303829401731491
day_2048,4,0,0.11303829401731491
day_2048,4,0,0.6173411640856001
day_2048,4,0,0.2756602110134231
day_2048,4,0,0.7012481954362657
day_2048,4,0,0.22402304410934448
day_2048,4,0,0.36575231452782947
day_2048,4,0,0.11303829401731491
day_2048,4,0,0.6661580668555366
day_2048,4,0,0.8502917223506503
day_2048,4,0,0.1327941972348425
day_2048,4,0,0.11303829401731491
day_2048,4,0,0.2504495084285736
day_2048,4,0,0.11303829401731491
day_2048,4,0,0.11303829401731491
day_2048,4,0,0.45542382531695896
day_2048,4,0,0.11303829401731491
day_2048,4,0,0.11303829401731491
day_2048,4,0,0.40497394899527234
day_2048,4,0,0.688037223286099
day_2048,4,0,0.33056071731779313
day_2048,4,0,0.23191490272680917
day_2048,4,0,0.356519920958413
day_2048,4,0,0.7548497849040561
day_2048,4,0,0.36116111940807766
day_2048,4,0,0.2465830213493771
day_2048,4,0,0.2299682680103514
day_2048,4,0,0.3110690597030852
day_2048,4,0,0.35452139543162453
day_2048,4,0,0.47386733028623795
day_2048,4,0,0.44665418068567914
day_2048,4,0,0.5364656415250566
day_2048,4,0,0.4162979457113478
day_2048,4,0,0.6858705282211304
day_2048,4,0,0.4302186866601308
day_2048,4,0,0.4192054867744446
day_2048,4,0,0.15885971403784221
day_2048,4,0,0.4302186866601308
day_2048,4,0,0.33056071731779313
day_2048,4,0,0.4846026533179813
day_2048,4,0,0.3927548262808058
day_2048,4,0,0.4378404484854804
day_2048,4,0,0.37548508909013534
day_2048,4,0,0.2928259074687958
day_2048,4,0,0.3927548262808058
day_2048,4,0,0.19190084437529245
day_2048,4,0,0.273837654127015
day_2048,4,0,0.32818807661533356
day_2048,4,0,0.3110690597030852
day_2048,4,0,0.505483392212126
day_2048,4,0,0.35986030764049953
day_2048,4,0,0.5278583897484673
day_2048,4,0,0.5036460955937704
day_2048,4,0,0.6572136878967285
day_2048,4,0,0.5052845544285245
day_2048,4,0,0.6268967919879489
day_2048,4,0,0.5350473788049486
day_2048,4,0,0.628213514884313
day_2048,4,0,0.2642105254862044
day_2048,4,0,0.31081800659497577
day_2048,4,0,0.6470949980947707
day_2048,4,0,0.1340631643931071
day_2048,4,0,0.4777663250764211
day_2048,4,0,0.28885020646784043
day_2048,4,0,0.3886924982070923
day_2048,4,0,0.2981529285510381
day_2048,4,0,0.759192685286204
day_2048,4,0,0.6598432328965929
day_2048,4,0,0.47861551576190525
day_2048,4,0,0.6249645551045736
day_2048,4,0,0.3336930125951767
day_2048,4,0,0.31293825639618766
day_2048,4,0,0.23824696408377755
day_2048,4,0,0.5633460217052035
day_2048,4,0,0.16577763358751932
day_2048,4,0,0.5535538593928019
day_2048,4,0,0.39862946338123745
day_2048,4,0,0.1380008483926455
day_2048,4,0,0.21969265242417654
day_2048,4,0,0.6074055035909017
day_2048,4,0,0.31488772564464146
day_2048,4,0,0.38929039074314964
day_2048,4,0,0.16716312534279293
day_2048,4,0,0.1380008483926455
day_2048,4,0,0.561409076054891
day_2048,4,0,0.437856309943729
day_2048,4,0,0.7865196135309007
day_2048,4,0,0.6578934258884854
day_2048,4,0,0.6470949980947707
day_2048,4,0,0.26777030527591705
day_2048,4,0,0.1380008483926455
day_2048,4,0,0.29343603551387787
day_2048,4,0,0.5522375901540121
day_2048,4,0,0.6502757337358263
day_2048,4,0,0.1823040528429879
day_2048,4,0,0.5963702789611287
day_2048,4,0,0.3572180387046602
day_2048,4,0,0.2879253402352333
day_2048,4,0,0.35200369523631203
day_2048,4,0,0.4996320770846473
day_2048,4,0,0.1842672758632236
day_2048,4,0,0.3724725345770518
day_2048,4,0,0.5273979869153764
day_2048,4,0,0.4789656748374303
day_2048,4,0,0.4738221963246663
day_2048,4,0,0.5319309367073907
day_2048,4,0,0.23781937857468924
day_2048,4,0,0.6091409491168128
day_2048,4,0,0.6205835110611386
day_2048,4,0,0.5200704402393765
day_2048,4,0,0.7713179853227403
day_2048,4,0,0.3997552560435401
day_2048,4,0,0.33721919854482013
day_2048,4,0,0.6976248257690005
day_2048,4,0,0.5085871683226691
day_2048,4,0,0.6331716030836105
day_2048,4,0,0.18569548138313824
day_2048,4,0,0.7334209150738187
day_2048,4,0,0.3483099258608288
day_2048,4,0,0.566700730058882
day_2048,4,0,0.43913546535703873
day_2048,4,0,0.4375288751390245
day_2048,4,0,0.25547418495019275
day_2048,4,0,0.5210618774096171
day_2048,4,0,0.740140457948049
day_2048,4,0,0.6124108168813918
day_2048,4,0,0.6302774763769574
day_2048,4,0,0.26712097393141854
day_2048,4,0,0.4372611840565999
day_2048,4,0,0.7833599580658807
day_2048,4,0,0.7342457903756036
day_2048,4,0,0.25227976010905373
day_2048,4,0,0.3227894885672463
day_2048,4,0,0.4191410442193349
day_2048,4,0,0.6175211601787143
day_2048,4,0,0.2795994248655107
day_2048,4,0,0.6706673304239908
day_2048,4,0,0.2743756175041199
day_2048,4,0,0.2944757441679637
day_2048,4,0,0.47687304351064896
day_2048,4,0,0.3143832567665312
day_2048,4,0,0.5768801636166043
day_2048,4,0,0.5327866673469543
day_2048,4,0,0.11895867933829625
day_2048,4,0,0.5319164395332336
day_2048,4,0,0.6706673304239908
day_2048,4,0,0.3209613346391254
day_2048,4,0,0.31172854867246413
day_2048,4,0,0.3964347342650096
day_2048,4,0,0.84413523806466
day_2048,4,0,0.7014455199241638
day_2048,4,0,0.7106283638212416
day_2048,4,0,0.32754040757815045
day_2048,4,0,0.2330740491549174
day_2048,4,0,0.19828307131926218
day_2048,4,0,0.7034304671817355
day_2048,4,0,0.3673339850372738
day_2048,4,0,0.3144312600294749
day_2048,4,0,0.28977712326579624
day_2048,4,0,0.38548494544294143
day_2048,4,0,0.5816857616106669
day_2048,4,0,0.6324746840529971
day_2048,4,0,0.5617491172419654
day_2048,4,0,0.47007911072836983
day_2048,4,0,0.2629760503768921
day_2048,4,0,0.5514352818330129
day_2048,4,0,0.47780163917276597
day_2048,4,0,0.35510197944111294
day_2048,4,0,0.16984953979651132
day_2048,4,0,0.22330900033315024
day_2048,4,0,0.5808759066793654
day_2048,4,0,0.5688246885935465
day_2048,4,0,0.5234654247760773
day_2048,4,0,0.14222488469547695
day_2048,4,0,0.5634530517790053
day_2048,4,0,0.16431004967954424
day_2048,4,0,0.13215809025698239
day_2048,4,0,0.1967727243900299
day_2048,4,0,0.1393892914056778
day_2048,4,0,0.523079150252872
day_2048,4,0,0.20139198005199432
day_2048,4,0,0.12012067147427136
day_2048,4,0,0.524754501051373
day_2048,4,0,0.20156168109840816
day_2048,4,0,0.18798063115941155
day_2048,4,0,0.2752458353837331
day_2048,4,0,0.19320826315217549
day_2048,4,0,0.10601993774374326
day_2048,4,0,0.19454051636987263
day_2048,4,0,0.21827038625876108
day_2048,4,0,0.37045779472423923
day_2048,4,0,0.1401789594027731
day_2048,4,0,0.13215809025698239
day_2048,4,0,0.23862627976470524
day_2048,4,0,0.12448903338776694
day_2048,4,0,0.23317754599783155
day_2048,4,0,0.13215809025698239
day_2048,4,0,0.12141304007834858
day_2048,4,0,0.6546942591667175
day_2048,4,0,0.14189464930031034
day_2048,4,0,0.4268263147936927
day_2048,4,0,0.26121266848511165
day_2048,4,0,0.12464189074105686
day_2048,4,0,0.5808759066793654
day_2048,4,0,0.5688246885935465
day_2048,4,0,0.44495684570736355
day_2048,4,0,0.38428153925471836
day_2048,4,0,0.2597615909245279
day_2048,4,0,0.38151856594615513
day_2048,4,0,0.3428041670057509
day_2048,4,0,0.7353282107247247
day_2048,4,0,0.4648938609494103
day_2048,4,0,0.6171373658710055
day_2048,4,0,0.39186277654435897
day_2048,4,0,0.7555062108569675
day_2048,4,0,0.2753460307916005
day_2048,4,0,0.38597024811638725
day_2048,4,0,0.4007475905948215
day_2048,4,0,0.40680139263470966
day_2048,4,0,0.3912471764617496
day_2048,4,0,0.6133028136359321
day_2048,4,0,0.39170142511526745
day_2048,4,0,0.2597615909245279
day_2048,4,0,0.37994636429680717
day_2048,4,0,0.4619040290514628
day_2048,4,0,0.3490182575252321
day_2048,4,0,0.6183634863959419
day_2048,4,0,0.2664817488855786
day_2048,4,0,0.6171373658710055
day_2048,4,0,0.2759225732750363
day_2048,4,0,0.3562917841805352
day_2048,4,0,0.5275007908542951
day_2048,4,0,0.17331635703643164
day_2048,4,0,0.2983977008197043
day_2048,4,0,0.2572980415489938
day_2048,4,0,0.40314341915978325
day_2048,4,0,0.4609713587496016
day_2048,4,0,0.2917493250634935
day_2048,4,0,0.27016131911012864
day_2048,4,0,0.5275007908542951
day_2048,4,0,0.2881475057866838
day_2048,4,0,0.43689525458547807
day_2048,4,0,0.2418492701318529
day_2048,4,0,0.2246827541126145
day_2048,4,0,0.2547007699807485
day_2048,4,0,0.4642523725827535
day_2048,4,0,0.28446987602445817
day_2048,4,0,0.3634121749136183
day_2048,4,0,0.24078478746944004
day_2048,4,0,0.34439033104313743
day_2048,4,0,0.5871890750196245
day_2048,4,0,0.24390083882543775
day_2048,4,0,0.2690497669908736
day_2048,4,0,0.2937103145652347
day_2048,4,0,0.4994600812594096
day_2048,4,0,0.26588067412376404
day_2048,4,0,0.6231833232773675
day_2048,4,0,0.2768097801340951
day_2048,4,0,0.4812543922000461
day_2048,4,0,0.4812543922000461
day_2048,4,0,0.34554361469215816
day_2048,4,0,0.4283975064754486
day_2048,4,0,0.2636304795742035
day_2048,4,0,0.2555610214670499
day_2048,4,0,0.49476680159568787
day_2048,4,0,0.44986773199505276
day_2048,4,0,0.4069225953684913
day_2048,4,0,0.19036008831527498
day_2048,4,0,0.4553059968683455
day_2048,4,0,0.7617519299189249
day_2048,4,0,0.5209162533283234
day_2048,4,0,0.4061238749159707
day_2048,4,0,0.5742380751503838
day_2048,4,0,0.23922918736934662
day_2048,4,0,0.40838084949387443
day_2048,4,0,0.6674827271037631
day_2048,4,0,0.7300640609529283
day_2048,4,0,0.24362222684754264
day_2048,4,0,0.31166030797693467
day_2048,4,0,0.20415432420041826
day_2048,4,0,0.13033109820551342
day_2048,4,0,0.5476045575406816
day_2048,4,0,0.24309922258059183
day_2048,4,0,0.16466283881002003
day_2048,4,0,0.2724193268352085
day_2048,4,0,0.3805229763189952
day_2048,4,0,0.7064220971531339
day_2048,4,0,0.43379785617192584
day_2048,4,0,0.1314552335275544
day_2048,4,0,0.3343081689543194
day_2048,4,0,0.4018315143055386
day_2048,4,0,0.484568241569731
day_2048,4,0,0.23233031895425585
day_2048,4,0,0.32381292515330845
day_2048,4,0,0.6488120290968153
day_2048,4,0,0.3185542904668384
day_2048,4,0,0.2405113478501638
day_2048,4,0,0.29604994753996533
day_2048,4,0,0.6567019555303786
day_2048,4,0,0.7379172576798333
day_2048,4,0,0.17338580307033327
day_2048,4,0,0.29017362660831875
day_2048,4,0,0.400056391954422
day_2048,4,0,0.3481678631570604
day_2048,4,0,0.37100398706065285
day_2048,4,0,0.2870559510257509
day_2048,4,0,0.6944831742180718
day_2048,4,0,0.6317011581526862
day_2048,4,0,0.3940155638588799
day_2048,4,0,0.36365869972440934
day_2048,4,0,0.3949871129459805
day_2048,4,0,0.3766854769653744
day_2048,4,0,0.3253095481130812
day_2048,4,0,0.2597000499566396
day_2048,4,0,0.38112406929334003
day_2048,4,0,0.216846012406879
day_2048,4,0,0.2215961209601826
day_2048,4,0,0.38750271995862323
day_2048,4,0,0.3647809773683548
day_2048,4,0,0.24842159615622628
day_2048,4,0,0.36363668739795685
day_2048,4,0,0.1341510092218717
day_2048,4,0,0.475296417872111
day_2048,4,0,0.322403265370263
day_2048,4,0,0.5174799395932091
day_2048,4,0,0.3912283778190613
day_2048,4,0,0.25352808833122253
day_2048,4,0,0.698827948835161
day_2048,4,0,0.49647125270631576
day_2048,4,0,0.40104713208145565
day_2048,4,0,0.45561351709895664
day_2048,4,0,0.5515433881017897
day_2048,4,0,0.4602547254827287
day_2048,4,0,0.4713328282038371
day_2048,4,0,0.7661372224489847
day_2048,4,0,0.3153463039133284
day_2048,4,0,0.4938297106160058
day_2048,4,0,0.7722766664293077
day_2048,4,0,0.4631809890270233
day_2048,4,0,0.2961067789130741
day_2048,4,0,0.6167771683798896
day_2048,4,0,0.38448892699347603
day_2048,4,0,0.275099183122317
day_2048,4,0,0.39032496015230816
day_2048,4,0,0.2733772148688634
day_2048,4,0,0.6417712900373671
day_2048,4,0,0.2931630677647061
day_2048,4,0,0.2628958564665582
day_2048,4,0,0.4666416611936357
day_2048,4,0,0.47515439324908787
day_2048,4,0,0.3440134889549679
day_2048,4,0,0.6945662366019355
day_2048,4,0,0.6167771683798896
day_2048,4,0,0.36965364548895097
day_2048,4,0,0.36965364548895097
day_2048,4,0,0.36965364548895097
day_2048,4,0,0.36965364548895097
day_2048,4,0,0.36965364548895097
day_2048,4,0,0.36965364548895097
day_2048,4,0,0.36965364548895097
day_2048,4,0,0.36965364548895097
day_2048,4,0,0.36965364548895097
day_2048,4,0,0.36965364548895097
day_2048,4,0,0.3974193467034234
day_2048,4,0,0.36965364548895097
day_2048,4,0,0.5639983117580414
day_2048,4,0,0.36965364548895097
day_2048,4,0,0.36965364548895097
day_2048,4,0,0.36965364548895097
day_2048,4,0,0.36965364548895097
day_2048,4,0,0.36965364548895097
day_2048,4,0,0.36965364548895097
day_2048,4,0,0.36965364548895097
day_2048,4,0,0.36965364548895097
day_2048,4,0,0.36965364548895097
day_2048,4,0,0.36965364548895097
day_2048,4,0,0.36965364548895097
day_2048,4,0,0.36965364548895097
day_2048,4,0,0.5814666350682577
day_2048,4,0,0.36965364548895097
day_2048,4,0,0.7170955207612779
day_2048,4,0,0.36965364548895097
day_2048,4,0,0.36965364548895097
day_2048,4,0,0.36965364548895097
day_2048,4,0,0.5628479752275679
day_2048,4,0,0.36965364548895097
day_2048,4,0,0.36965364548895097
day_2048,4,0,0.36965364548895097
day_2048,4,0,0.36965364548895097
day_2048,4,0,0.36965364548895097
day_2048,4,0,0.2103542611002922
day_2048,4,0,0.24326039188437992
day_2048,4,0,0.10210160993867451
day_2048,4,0,0.10210160993867451
day_2048,4,0,0.2774599740902583
day_2048,4,0,0.43488426009813946
day_2048,4,0,0.47387903597619796
day_2048,4,0,0.295593431012498
day_2048,4,0,0.5084535794125663
day_2048,4,0,0.3622500929567549
day_2048,4,0,0.4636686204208268
day_2048,4,0,0.5817192693551382
day_2048,4,0,0.3239366105861134
day_2048,4,0,0.10210160993867451
day_2048,4,0,0.15727856672472423
day_2048,4,0,0.32529612961742616
day_2048,4,0,0.5899294283654954
day_2048,4,0,0.19091034763389164
day_2048,4,0,0.4788529674212138
day_2048,4,0,0.7387313081158532
day_2048,4,0,0.36059097780121696
day_2048,4,0,0.682828340265486
day_2048,4,0,0.6017300950156318
day_2048,4,0,0.4180755747689141
day_2048,4,0,0.5496967534224192
day_2048,4,0,0.5189761386977302
day_2048,4,0,0.5185986657937368
day_2048,4,0,0.10210160993867451
day_2048,4,0,0.10210160993867451
day_2048,4,0,0.23956160081757438
day_2048,4,0,0.5663666956954532
day_2048,4,0,0.24399061666594613
day_2048,4,0,0.5487653613090515
day_2048,4,0,0.36249951521555585
day_2048,4,0,0.5320859799782435
day_2048,4,0,0.4661760760678185
day_2048,4,0,0.22062820030583274
day_2048,4,0,0.11940614051289028
day_2048,4,0,0.817644476890564
day_2048,4,0,0.597328782081604
day_2048,4,0,0.48822377456559074
day_2048,4,0,0.11940614051289028
day_2048,4,0,0.40370871623357135
day_2048,4,0,0.23402275972896153
day_2048,4,0,0.3315826083223025
day_2048,4,0,0.36562927067279816
day_2048,4,0,0.5054297546545664
day_2048,4,0,0.22985378901163736
day_2048,4,0,0.2997804631789525
day_2048,4,0,0.5305165317323473
day_2048,4,0,0.41827895906236434
day_2048,4,0,0.40354166593816543
day_2048,4,0,0.5495918856726753
day_2048,4,0,0.479905280801985
day_2048,4,0,0.2479500969250997
day_2048,4,0,0.29659122559759354
day_2048,4,0,0.35404806004630196
day_2048,4,0,0.5193720526165433
day_2048,4,0,0.49924354751904804
day_2048,4,0,0.3873974945810106
day_2048,4,0,0.6437005996704102
day_2048,4,0,0.40912073850631714
day_2048,4,0,0.11940614051289028
day_2048,4,0,0.28415612545278335
day_2048,4,0,0.6486713356441922
day_2048,4,0,0.3899623056252797
day_2048,4,0,0.4740072753694322
day_2048,4,0,0.4700614909331004
day_2048,4,0,0.4338003430101607
day_2048,4,0,0.2757482065094842
day_2048,4,0,0.2902239014705022
day_2048,4,0,0.36112115614944035
day_2048,4,0,0.817644476890564
day_2048,4,0,0.2927883714437485
day_2048,4,0,0.5905506677097745
day_2048,4,0,0.11513345212572151
day_2048,4,0,0.21658295848303372
day_2048,4,0,0.1804278256992499
day_2048,4,0,0.06200860978828536
day_2048,4,0,0.13888931771119437
day_2048,4,0,0.1280422918498516
day_2048,4,0,0.09284975628058116
day_2048,4,0,0.5109451115131378
day_2048,4,0,0.2679993998673227
day_2048,4,0,0.5493555300765567
day_2048,4,0,0.5108686553107368
day_2048,4,0,0.4877101116710239
day_2048,4,0,0.07991188661091858
day_2048,4,0,0.5411460134718153
day_2048,4,0,0.5718934602207608
day_2048,4,0,0.14007951733138826
day_2048,4,0,0.16042832947439617
day_2048,4,0,0.12124369003706509
day_2048,4,0,0.08490974497463968
day_2048,4,0,0.09101615887549189
day_2048,4,0,0.3766954888900121
day_2048,4,0,0.35874073538515305
day_2048,4,0,0.09060693697796927
day_2048,4,0,0.38297804776165223
day_2048,4,0,0.06879549514916208
day_2048,4,0,0.09142819833424357
day_2048,4,0,0.18252293889721236
day_2048,4,0,0.10094256202379863
day_2048,4,0,0.06218169484701422
day_2048,4,0,0.289191613594691
day_2048,4,0,0.607812762260437
day_2048,4,0,0.35557351178593105
day_2048,4,0,0.3904298808839586
day_2048,4,0,0.16565670342081124
day_2048,4,0,0.08031244596673383
day_2048,4,0,0.5083474947346581
day_2048,4,0,0.3272971461216609
day_2048,4,0,0.27411629756291706
day_2048,4,0,0.5067692299683889
day_2048,4,0,0.6762353579203287
day_2048,4,0,0.43231091234419083
day_2048,4,0,0.5219752987225851
day_2048,4,0,0.2359635995493995
day_2048,4,0,0.2196747288107872
day_2048,4,0,0.5571319460868835
day_2048,4,0,0.5712376667393578
day_2048,4,0,0.16977792067660225
day_2048,4,0,0.8093519939316643
day_2048,4,0,0.509351780017217
day_2048,4,0,0.5380385484960344
day_2048,4,0,0.509351780017217
day_2048,4,0,0.20412207808759478
day_2048,4,0,0.39695586926407284
day_2048,4,0,0.5089850359492831
day_2048,4,0,0.3215678268008762
day_2048,4,0,0.6843803260061476
day_2048,4,0,0.3529899881945716
day_2048,4,0,0.33145199550522697
day_2048,4,0,0.508092486196094
day_2048,4,0,0.16977792067660225
day_2048,4,0,0.4289168549908532
day_2048,4,0,0.6094725579023361
day_2048,4,0,0.3934357729223039
day_2048,4,0,0.3435812782910135
day_2048,4,0,0.4254787630505032
day_2048,4,0,0.39971552623642814
day_2048,4,0,0.556516620847914
day_2048,4,0,0.29395399656560683
day_2048,4,0,0.27554838524924385
day_2048,4,0,0.5864601929982504
day_2048,4,0,0.5897553894254897
day_2048,4,0,0.3286474314000871
day_2048,4,0,0.5639620621999105
day_2048,4,0,0.2710496269994312
day_2048,4,0,0.2819202376736535
day_2048,4,0,0.47480538487434387
day_2048,4,0,0.22218571023808587
day_2048,4,0,0.32489975955751205
day_2048,4,0,0.2913254780901803
day_2048,4,0,0.36865315503544277
day_2048,4,0,0.4407816065682305
day_2048,4,0,0.5231098135312399
day_2048,4,0,0.5070859723620944
day_2048,4,0,0.3583196567164527
day_2048,4,0,0.5325990418593088
day_2048,4,0,0.8502680394384596
day_2048,4,0,0.6841910746362474
day_2048,4,0,0.6258414056566026
day_2048,4,0,0.30286436941888595
day_2048,4,0,0.3351462996668286
day_2048,4,0,0.2576708214150535
day_2048,4,0,0.3373228626118766
day_2048,4,0,0.28780456715159947
day_2048,4,0,0.45820410715209114
day_2048,4,0,0.2974182317654292
day_2048,4,0,0.32156722247600555
day_2048,4,0,0.5431582960817549
day_2048,4,0,0.6412966963317659
day_2048,4,0,0.7127461168501112
day_2048,4,0,0.30320894221464795
day_2048,4,0,0.1364708658721712
day_2048,4,0,0.4490945637226105
day_2048,4,0,0.5537277294529809
day_2048,4,0,0.6365338563919067
day_2048,4,0,0.30311307973331875
day_2048,4,0,0.576606445842319
day_2048,4,0,0.47967959112591213
day_2048,4,0,0.28169141213099164
day_2048,4,0,0.4490945637226105
day_2048,4,0,0.4691358076201545
day_2048,4,0,0.5295618308915032
day_2048,4,0,0.4640594290362464
day_2048,4,0,0.1903543563352691
day_2048,4,0,0.2592181886235873
day_2048,4,0,0.2472189019123713
day_2048,4,0,0.8182898428705003
day_2048,4,0,0.3537175804376602
day_2048,4,0,0.6534388032224443
day_2048,4,0,0.10138618904683325
day_2048,4,0,0.1880728519625134
day_2048,4,0,0.47562940253151786
day_2048,4,0,0.15409350974692237
day_2048,4,0,0.20228502651055655
day_2048,4,0,0.6749070750342475
day_2048,4,0,0.5228582819302877
day_2048,4,0,0.7844873468081156
day_2048,4,0,0.21820361249976689
day_2048,4,0,0.23584488117032582
day_2048,4,0,0.2211097271906005
day_2048,4,0,0.16496215760707855
day_2048,4,0,0.18596467624107996
day_2048,4,0,0.39275890919897294
day_2048,4,0,0.17347221738762325
day_2048,4,0,0.1777101130121284
day_2048,4,0,0.10053735102216403
day_2048,4,0,0.11636478867795733
day_2048,4,0,0.1707145091560152
day_2048,4,0,0.25256209820508957
day_2048,4,0,0.3582239846388499
day_2048,4,0,0.11787293230493863
day_2048,4,0,0.46132464872466195
day_2048,4,0,0.8182898428705003
day_2048,4,0,0.25441980610291165
day_2048,4,0,0.1903543563352691
day_2048,4,0,0.3774668508105808
day_2048,4,0,0.12123412390549977
day_2048,4,0,0.10053735102216403
day_2048,4,0,0.3015117620428403
day_2048,4,0,0.5750908818509843
day_2048,4,0,0.24425027685032952
day_2048,4,0,0.29929203457302517
day_2048,4,0,0.23339292903741202
day_2048,4,0,0.16435879717270532
day_2048,4,0,0.4508864680926005
day_2048,4,0,0.4321950210465325
day_2048,4,0,0.5804338918791877
day_2048,4,0,0.6352682477898068
day_2048,4,0,0.5663777424229516
day_2048,4,0,0.16404959393872154
day_2048,4,0,0.5847434997558594
day_2048,4,0,0.2912427559494972
day_2048,4,0,0.16219521976179546
day_2048,4,0,0.22341000040372214
day_2048,4,0,0.2718823187881046
day_2048,4,0,0.6503521137767367
day_2048,4,0,0.473066508769989
day_2048,4,0,0.21734082284900877
day_2048,4,0,0.12843887011210123
day_2048,4,0,0.24441412753529018
day_2048,4,0,0.765067544248369
day_2048,4,0,0.2385577658812205
day_2048,4,0,0.5088482134872012
day_2048,4,0,0.4383726517359416
day_2048,4,0,0.2296356831987699
day_2048,4,0,0.6375468770662943
day_2048,4,0,0.24894396546814176
day_2048,4,0,0.23599512626727423
day_2048,4,0,0.4391009410222371
day_2048,4,0,0.694739454322391
day_2048,4,0,0.1611066551672088
day_2048,4,0,0.2590187307861116
day_2048,4,0,0.5443694459067451
day_2048,4,0,0.3429439614216487
day_2048,4,0,0.8171819382243686
day_2048,4,0,0.25301538159449893
day_2048,4,0,0.5760620269510481
day_2048,4,0,0.5445041822062598
day_2048,4,0,0.12715844396087858
day_2048,4,0,0.45828698409928215
day_2048,4,0,0.34601837562190163
day_2048,4,0,0.3262622555096944
day_2048,4,0,0.33343076043658787
day_2048,4,0,0.5310284164216783
day_2048,4,0,0.19841096053520837
day_2048,4,0,0.6276661058266958
day_2048,4,0,0.4094916929801305
day_2048,4,0,0.5500265691015456
day_2048,4,0,0.3627161681652069
day_2048,4,0,0.518622659974628
day_2048,4,0,0.4029336240556505
day_2048,4,0,0.42697058121363324
day_2048,4,0,0.12715844396087858
day_2048,4,0,0.32496578329139286
day_2048,4,0,0.4277528292602963
day_2048,4,0,0.42697058121363324
day_2048,4,0,0.2461364616950353
day_2048,4,0,0.44383056296242607
day_2048,4,0,0.4200123217370775
day_2048,4,0,0.6481259531444974
day_2048,4,0,0.5379713277022043
day_2048,4,0,0.34437371955977547
day_2048,4,0,0.32335544791486526
day_2048,4,0,0.5123172104358673
day_2048,4,0,0.29195966985490585
day_2048,4,0,0.6694042086601257
day_2048,4,0,0.16260685440566805
day_2048,4,0,0.2461364616950353
day_2048,4,0,0.22357002562946743
day_2048,4,0,0.3223370959361394
day_2048,4,0,0.34601837562190163
day_2048,4,0,0.74513797627555
day_2048,4,0,0.6130214267306857
day_2048,4,0,0.27976948850684696
day_2048,4,0,0.31826266315248275
day_2048,4,0,0.22206271232830155
day_2048,4,0,0.27572588953706956
day_2048,4,0,0.6453533205721114
day_2048,4,0,0.3315922137763765
day_2048,4,0,0.3231602907180786
day_2048,4,0,0.48490745491451687
day_2048,4,0,0.46011003520753646
day_2048,4,0,0.15400444467862448
day_2048,4,0,0.598997155825297
day_2048,4,0,0.3145039925972621
day_2048,4,0,0.2726033743884828
day_2048,4,0,0.5351090133190155
day_2048,4,0,0.4963623020384047
day_2048,4,0,0.5161150064733293
day_2048,4,0,0.2585659407907062
day_2048,4,0,0.30976826780372196
day_2048,4,0,0.23888633979691398
day_2048,4,0,0.5341429346137576
day_2048,4,0,0.5396581093470255
day_2048,4,0,0.5103862616750929
day_2048,4,0,0.18775920238759783
day_2048,4,0,0.5700723595089383
day_2048,4,0,0.3132978727420171
day_2048,4,0,0.47881802254252964
day_2048,4,0,0.27976948850684696
day_2048,4,0,0.37403735021750134
day_2048,4,0,0.261354418264495
day_2048,4,0,0.5811158186859555
day_2048,4,0,0.25451403194003636
day_2048,4,0,0.646223803361257
day_2048,4,0,0.6260940233866373
day_2048,4,0,0.40470581584506565
day_2048,4,0,0.13029171567824152
day_2048,4,0,0.22528685794936287
day_2048,4,0,0.0881649578611056
day_2048,4,0,0.06505933321184582
day_2048,4,0,0.15435500318805376
day_2048,4,0,0.11894548187653224
day_2048,4,0,0.07209128017226855
day_2048,4,0,0.1255530466636022
day_2048,4,0,0.3220874203575982
day_2048,4,0,0.15017865349849066
day_2048,4,0,0.7322272327211168
day_2048,4,0,0.061830695097645126
day_2048,4,0,0.13557898253202438
day_2048,4,0,0.0881649578611056
day_2048,4,0,0.08584555093612936
day_2048,4,0,0.08584555093612936
day_2048,4,0,0.5013061662515005
day_2048,4,0,0.10392254839340846
day_2048,4,0,0.3220874203575982
day_2048,4,0,0.0881649578611056
day_2048,4,0,0.0632983489582936
day_2048,4,0,0.07958524508608712
day_2048,4,0,0.14832142657703823
day_2048,4,0,0.0632983489582936
day_2048,4,0,0.15435500318805376
day_2048,4,0,0.14832142657703823
day_2048,4,0,0.1039731554273102
day_2048,4,0,0.0881649578611056
day_2048,4,0,0.17271631500787205
day_2048,4,0,0.39865267111195457
day_2048,4,0,0.1255530466636022
day_2048,4,0,0.0881649578611056
day_2048,4,0,0.17271631500787205
day_2048,4,0,0.1255530466636022
day_2048,4,0,0.1255530466636022
day_2048,4,0,0.06505933321184582
day_2048,4,0,0.14927883818745613
day_2048,4,0,0.15615767530269092
day_2048,4,0,0.10392254839340846
day_2048,4,0,0.4862017002370622
day_2048,4,0,0.5343633559015062
day_2048,4,0,0.3088664793305927
day_2048,4,0,0.7758855587906308
day_2048,4,0,0.5614528490437402
day_2048,4,0,0.3617052800125546
day_2048,4,0,0.478420227766037
day_2048,4,0,0.589984138806661
day_2048,4,0,0.36384134491284686
day_2048,4,0,0.4140645166238149
day_2048,4,0,0.549574140045378
day_2048,4,0,0.3986608154243893
day_2048,4,0,0.6302298307418823
day_2048,4,0,0.4820484519004822
day_2048,4,0,0.5882679555151198
day_2048,4,0,0.6880027850468954
day_2048,4,0,0.17603782150480482
day_2048,4,0,0.7634857032034132
day_2048,4,0,0.36384134491284686
day_2048,4,0,0.23139653768804339
day_2048,4,0,0.1275727724035581
day_2048,4,0,0.5578946239418454
day_2048,4,0,0.39524832036760116
day_2048,4,0,0.6227012607786391
day_2048,4,0,0.2826999906036589
day_2048,4,0,0.4203606877062056
day_2048,4,0,0.7652331193288168
day_2048,4,0,0.45985253651936847
day_2048,4,0,0.3464573290612962
day_2048,4,0,0.32187409864531624
day_2048,4,0,0.24402898715602028
day_2048,4,0,0.4111388921737671
day_2048,4,0,0.2309238182173835
day_2048,4,0,0.5041960411601596
day_2048,4,0,0.1595740020275116
day_2048,4,0,0.37079420023494297
day_2048,4,0,0.47436853912141586
day_2048,4,0,0.27654440535439384
day_2048,4,0,0.5301166772842407
day_2048,4,0,0.5326642692089081
day_2048,4,0,0.20220734261804157
day_2048,4,0,0.3226568152507146
day_2048,4,0,0.2552962452173233
day_2048,4,0,0.13005520486169392
day_2048,4,0,0.38522383901808
day_2048,4,0,0.314966630604532
day_2048,4,0,0.22987615234322017
day_2048,4,0,0.27654440535439384
day_2048,4,0,0.6251762476232317
day_2048,4,0,0.3740985045830409
day_2048,4,0,0.5752289394537607
day_2048,4,0,0.22525328563319313
day_2048,4,0,0.5124650630686018
day_2048,4,0,0.26317905882994336
day_2048,4,0,0.29998796350426143
day_2048,4,0,0.2907384865813785
day_2048,4,0,0.15954337931341595
day_2048,4,0,0.4340195126003689
day_2048,4,0,0.46140334341261124
day_2048,4,0,0.2865864568286472
day_2048,4,0,0.7103494339519076
day_2048,4,0,0.2673291663328807
day_2048,4,0,0.7252801855405172
day_2048,4,0,0.5882060925165812
day_2048,4,0,0.33495649033122593
day_2048,4,0,0.1604835001958741
day_2048,4,0,0.3740985045830409
day_2048,4,0,0.24665895766682094
day_2048,4,0,0.3575613879495197
day_2048,4,0,0.5672416852580177
day_2048,4,0,0.2828056414922078
day_2048,4,0,0.45157677597469753
day_2048,4,0,0.22710177964634365
day_2048,4,0,0.4621112015512254
day_2048,4,0,0.340976615746816
day_2048,4,0,0.2853276448117362
day_2048,4,0,0.338241856959131
day_2048,4,0,0.28858719766139984
day_2048,4,0,0.27970268163416123
day_2048,4,0,0.6058766113387214
day_2048,4,0,0.31767554581165314
day_2048,4,0,0.489233844810062
day_2048,4,0,0.8493837780422635
day_2048,4,0,0.37220338649219936
day_2048,4,0,0.2745288660128911
day_2048,4,0,0.5019507341914706
day_2048,4,0,0.2418812182214525
day_2048,4,0,0.3289779383275244
day_2048,4,0,0.30821070406172013
day_2048,4,0,0.31792883574962616
day_2048,4,0,0.5540805459022522
day_2048,4,0,0.17997155752446917
day_2048,4,0,0.2899208168188731
day_2048,4,0,0.258738496237331
day_2048,4,0,0.25962259454859626
day_2048,4,0,0.32265565130445695
day_2048,4,0,0.26616407599714065
day_2048,4,0,0.2936430325110753
day_2048,4,0,0.35827695826689404
day_2048,4,0,0.18608896765444013
day_2048,4,0,0.508382691277398
day_2048,4,0,0.25839801381031674
day_2048,4,0,0.28858719766139984
day_2048,4,0,0.28898418611950344
day_2048,4,0,0.16676534795098835
day_2048,4,0,0.33622075451744926
day_2048,4,0,0.16393067936102548
day_2048,4,0,0.23106472939252853
day_2048,4,0,0.3081682191954719
day_2048,4,0,0.3304496457179387
day_2048,4,0,0.393043405479855
day_2048,4,0,0.342673240436448
day_2048,4,0,0.3785067978832457
day_2048,4,0,0.7962835563553704
day_2048,4,0,0.34420932332674664
day_2048,4,0,0.2770332445700963
day_2048,4,0,0.22060492469204795
day_2048,4,0,0.642342574066586
day_2048,4,0,0.7141469518343607
day_2048,4,0,0.2940961718559265
day_2048,4,0,0.6522876520951589
day_2048,4,0,0.13435218234856924
day_2048,4,0,0.6163938972685072
day_2048,4,0,0.5107843577861786
day_2048,4,0,0.20445403539472157
day_2048,4,0,0.6500650776757134
day_2048,4,0,0.49311274621221757
day_2048,4,0,0.15296411348713768
day_2048,4,0,0.3280411892467075
day_2048,4,0,0.5156828595532311
day_2048,4,0,0.6513915591769748
day_2048,4,0,0.27258269985516864
day_2048,4,0,0.5477467444207933
day_2048,4,0,0.2511994159883923
day_2048,4,0,0.4383501576052772
day_2048,4,0,0.1234656423330307
day_2048,4,0,0.6683017611503601
day_2048,4,0,0.28727777964539
day_2048,4,0,0.36903195745415157
day_2048,4,0,0.2787773642275069
day_2048,4,0,0.2156505286693573
day_2048,4,0,0.6841323177019755
day_2048,4,0,0.13435218234856924
day_2048,4,0,0.5376861790815989
day_2048,4,0,0.18964212636152902
day_2048,4,0,0.37238135437170666
day_2048,4,0,0.33440299663278794
day_2048,4,0,0.2372788969013426
day_2048,4,0,0.6503283249007331
day_2048,4,0,0.3968687521086799
day_2048,4,0,0.5585187276204427
day_2048,4,0,0.47175602780448067
day_2048,4,0,0.5080094304349687
day_2048,4,0,0.6985090374946594
day_2048,4,0,0.5151438977983263
day_2048,4,0,0.784874869717492
day_2048,4,0,0.35999904572963715
day_2048,4,0,0.3706761598587036
day_2048,4,0,0.37317362593279946
day_2048,4,0,0.30081788036558366
day_2048,4,0,0.667994909816318
day_2048,4,0,0.24811221659183502
day_2048,4,0,0.2576375554005305
day_2048,4,0,0.5475828614499834
day_2048,4,0,0.36333566076225704
day_2048,4,0,0.3615270091427697
day_2048,4,0,0.40254826015896267
day_2048,4,0,0.8028114371829562
day_2048,4,0,0.20284339785575867
day_2048,4,0,0.27691993448469376
day_2048,4,0,0.2655808875958125
day_2048,4,0,0.45583181579907733
day_2048,4,0,0.24361708263556162
day_2048,4,0,0.24028569128778246
day_2048,4,0,0.2926696820391549
day_2048,4,0,0.2461138880915112
day_2048,4,0,0.5266236530409919
day_2048,4,0,0.22722096410062578
day_2048,4,0,0.13084494322538376
day_2048,4,0,0.26592446863651276
day_2048,4,0,0.23321537342336443
day_2048,4,0,0.656095027923584
day_2048,4,0,0.23322156071662903
day_2048,4,0,0.263725232746866
day_2048,4,0,0.42997582091225517
day_2048,4,0,0.2518811888164944
day_2048,4,0,0.32770052138302064
day_2048,4,0,0.5460170672999488
day_2048,4,0,0.4688691861099667
day_2048,4,0,0.12253493153386646
day_2048,4,0,0.5427706142266592
day_2048,4,0,0.22099352214071485
day_2048,4,0,0.25758084323671127
day_2048,4,0,0.27173588921626407
day_2048,4,0,0.6404158638583289
day_2048,4,0,0.4051247951057222
day_2048,4,0,0.2765804562303755
day_2048,4,0,0.3940682179398007
day_2048,4,0,0.25275550451543594
day_2048,4,0,0.2517300893863042
day_2048,4,0,0.2807927860154046
day_2048,4,0,0.24709497226609123
day_2048,4,0,0.48946796192063224
day_2048,4,0,0.3966527862681283
day_2048,4,0,0.2528422714935409
day_2048,4,0,0.31935036016835106
day_2048,4,0,0.2931622771753205
day_2048,4,0,0.35679909255769515
day_2048,4,0,0.3651444961627324
day_2048,4,0,0.36593687037626904
day_2048,4,0,0.49075015717082554
day_2048,4,0,0.40251988503668046
day_2048,4,0,0.4051247951057222
day_2048,4,0,0.3602509597937266
day_2048,4,0,0.3115803624192874
day_2048,4,0,0.24709497226609123
day_2048,4,0,0.26302485664685565
day_2048,4,0,0.4006529053052266
day_2048,4,0,0.2514890995290544
day_2048,4,0,0.36222056878937614
day_2048,4,0,0.20091604689757028
day_2048,4,0,0.3394629640711678
